0	169
1	505
2	366
3	124
3	607
4	771
5	124
5	576
6	526
7	195
7	661
8	157
9	188
9	593
11	322
11	402
11	617
12	262
12	573
15	263
15	535
15	680
16	478
16	745
17	663
19	788
20	656
20	669
22	242
23	69
23	159
23	705
24	87
24	307
24	487
24	783
25	40
27	39
27	351
28	27
28	139
28	198
28	226
28	663
29	361
29	481
31	71
31	93
31	562
32	738
32	762
33	429
35	101
35	720
36	434
36	781
37	13
39	72
40	777
41	8
41	506
41	610
41	775
42	176
42	379
42	621
43	615
44	407
45	498
45	654
46	750
47	401
47	457
47	590
47	758
48	165
48	520
49	99
49	374
49	376
49	690
53	141
53	167
54	33
54	651
56	674
56	687
57	325
57	459
58	296
59	788
60	184
60	705
61	440
61	741
62	694
62	715
66	69
66	659
67	351
70	293
70	636
70	659
71	799
74	770
75	336
76	328
78	430
78	509
80	313
80	551
80	704
81	272
82	446
82	586
83	625
83	679
83	725
83	746
85	267
86	305
86	565
86	746
87	519
89	436
89	529
89	604
91	596
92	42
92	573
93	210
93	439
94	175
94	434
94	724
95	50
95	430
95	576
96	73
96	421
97	267
97	598
98	90
98	93
99	496
99	640
99	725
102	268
102	480
103	287
103	691
105	628
106	164
106	316
106	399
108	376
109	56
109	285
109	413
110	309
110	569
110	657
111	527
111	751
112	271
114	711
115	58
115	680
116	46
116	140
116	187
116	494
117	178
117	394
117	759
118	6
118	192
118	217
119	253
121	656
122	557
122	604
122	614
123	312
124	600
125	40
125	418
125	449
125	745
125	787
127	722
127	780
129	294
130	659
131	321
132	288
132	529
133	177
134	430
134	599
136	243
136	284
136	675
137	493
138	413
138	720
140	454
140	564
140	603
140	717
143	234
144	20
144	299
144	593
146	218
146	773
147	203
148	59
151	279
152	263
152	411
152	435
152	452
153	339
153	378
154	643
155	385
156	498
157	86
157	308
157	421
157	477
157	545
159	453
159	719
160	35
161	260
163	548
164	654
165	310
165	630
166	280
167	493
167	797
170	383
170	476
172	578
173	464
173	585
174	685
175	202
175	362
175	753
176	313
176	588
176	665
176	731
178	87
179	662
180	118
180	132
180	162
180	282
183	308
184	115
185	255
185	375
186	100
186	629
187	270
187	600
188	129
188	594
188	796
189	192
189	789
190	102
190	509
191	359
191	706
192	280
193	104
195	167
196	365
196	509
198	795
199	201
199	535
199	541
200	31
200	194
201	551
202	83
203	196
203	632
203	670
205	144
205	368
205	493
205	727
205	733
207	439
207	689
208	290
208	656
209	449
210	287
210	518
211	489
212	600
213	34
213	97
213	206
213	365
213	535
214	463
214	748
215	716
215	768
218	83
218	676
219	374
219	740
220	196
220	614
222	33
222	409
223	166
223	217
223	641
224	130
224	318
224	701
224	750
225	28
226	479
227	114
227	484
228	199
228	242
229	382
230	185
230	612
231	284
232	409
232	579
232	617
233	490
234	102
235	782
236	671
237	219
237	272
238	274
238	401
239	20
239	92
239	252
239	408
239	635
240	136
240	769
242	362
243	7
243	109
243	174
243	576
244	127
244	235
244	511
244	717
244	748
245	212
245	241
245	363
245	427
247	425
248	340
249	60
252	230
253	623
255	23
255	501
256	243
257	509
257	521
258	769
259	421
259	435
261	177
261	211
261	359
262	144
262	532
262	715
263	562
263	597
263	674
263	687
263	696
265	147
266	123
266	336
266	589
267	46
267	187
267	265
267	547
267	689
269	222
269	780
270	20
270	265
270	455
270	596
270	597
271	200
271	439
272	538
273	504
273	643
274	101
274	233
274	559
274	720
274	750
275	151
275	384
275	413
276	561
277	30
277	523
278	733
281	73
281	131
282	361
283	80
284	167
284	434
284	548
285	407
285	604
285	625
287	284
288	300
288	419
289	105
289	592
289	677
290	177
290	466
291	44
291	57
292	655
293	66
293	501
293	529
295	400
295	434
295	437
295	686
296	183
296	243
297	338
297	738
298	263
299	335
299	546
299	561
300	311
301	549
302	197
302	338
303	698
303	779
304	130
304	757
305	182
305	412
306	203
309	17
309	77
309	196
309	747
310	629
311	434
312	123
312	244
312	296
313	621
318	693
319	55
319	742
320	75
320	117
321	316
321	402
321	423
323	178
324	538
324	744
324	787
325	192
325	193
325	605
325	646
327	36
327	706
328	459
330	154
330	247
330	419
331	538
332	552
333	252
333	423
333	638
334	56
334	435
335	241
336	121
337	211
338	334
338	410
338	452
338	487
339	45
339	735
340	194
340	604
341	655
342	727
342	733
343	485
343	780
344	336
344	589
344	664
345	409
345	672
346	679
346	775
347	218
348	40
348	443
348	632
349	53
350	563
350	733
352	340
355	426
355	739
357	496
357	681
358	91
358	610
360	633
361	198
361	663
362	221
362	440
362	522
362	714
363	392
363	437
364	139
365	646
366	135
366	251
366	725
367	723
368	31
368	65
368	334
370	573
370	782
371	167
371	362
371	510
371	542
372	592
372	594
373	591
375	439
375	521
376	152
376	507
377	556
378	66
379	357
380	142
380	303
381	507
382	39
382	470
383	121
383	523
383	770
384	62
384	404
384	468
384	498
384	528
384	707
385	234
385	562
385	778
386	607
387	535
388	186
388	751
389	519
390	83
390	152
390	283
391	210
392	105
392	485
392	756
393	634
397	106
397	535
398	71
398	401
398	476
398	636
399	487
399	783
401	773
402	427
402	650
402	776
403	134
403	586
403	690
404	58
404	404
404	695
405	97
407	311
408	65
408	334
408	709
410	269
410	782
411	702
412	352
412	463
412	481
414	243
414	481
414	766
415	28
415	392
415	683
416	28
416	35
416	66
418	659
419	199
420	21
421	289
423	193
423	646
425	112
425	132
425	522
426	254
426	457
427	216
427	642
428	175
428	327
428	603
430	232
430	356
430	413
430	544
431	83
431	204
431	537
434	791
435	162
435	571
435	647
436	86
436	260
437	1
440	455
440	785
441	114
441	225
442	392
444	43
444	81
445	492
447	385
448	666
448	754
449	268
450	206
451	389
451	537
453	235
454	206
454	286
454	680
455	119
457	274
457	707
459	144
459	715
460	164
461	129
461	260
461	731
462	257
462	520
462	637
462	674
463	77
463	122
463	658
463	685
464	57
464	466
465	319
465	677
465	739
465	780
466	196
466	294
466	614
467	130
467	422
468	277
468	389
468	539
468	573
468	591
469	422
469	646
473	436
473	446
473	557
473	611
474	110
474	202
474	350
475	187
475	216
475	273
475	344
476	167
477	256
477	521
478	326
478	776
479	482
480	89
480	198
481	31
481	494
481	552
481	597
482	429
483	459
483	751
484	155
485	11
485	443
485	575
485	786
487	468
487	799
488	617
489	266
489	674
491	95
492	55
492	746
493	597
494	69
495	629
495	685
495	748
497	364
497	797
499	281
499	549
500	266
500	267
500	752
502	121
502	179
502	211
502	515
505	429
505	634
506	354
506	504
506	591
507	539
508	143
511	531
511	602
512	232
512	505
513	80
513	698
515	569
516	611
520	113
520	502
520	588
520	595
520	708
522	77
522	122
522	153
522	247
523	610
524	675
525	778
526	690
528	387
528	392
528	755
529	348
529	713
530	640
533	219
533	544
534	502
536	269
536	300
537	656
539	633
540	682
541	247
541	321
541	739
542	639
542	696
544	260
545	119
545	632
547	64
547	160
548	455
549	232
549	505
549	526
550	97
550	412
550	601
550	788
551	691
552	86
552	463
552	651
553	493
554	361
554	394
554	656
555	80
557	271
558	85
558	659
559	696
560	323
560	339
562	618
563	417
563	449
563	479
563	731
564	466
565	185
565	254
566	11
566	783
567	631
568	705
568	718
569	160
569	406
569	542
570	145
571	272
571	701
572	564
573	115
574	4
574	91
575	608
576	60
576	183
579	642
580	284
580	437
581	586
582	429
583	261
584	406
584	449
586	229
587	394
588	380
588	509
588	587
589	465
591	610
593	735
595	188
595	219
596	157
596	347
598	261
598	574
598	610
598	767
599	597
601	450
603	491
603	724
604	87
604	380
604	535
604	584
604	716
605	607
605	787
606	215
606	636
607	26
607	701
608	69
610	75
610	170
610	388
610	404
611	5
612	220
612	440
613	175
613	276
614	132
614	284
616	755
619	350
620	544
620	723
621	4
621	218
621	274
621	686
622	575
623	93
623	634
623	745
624	16
624	203
624	587
625	139
625	438
625	697
626	630
627	95
628	344
628	688
629	300
630	6
630	327
630	577
632	361
633	2
633	435
633	445
633	615
634	116
637	619
637	778
639	356
639	511
640	232
640	342
640	349
640	427
642	775
643	16
643	522
643	525
643	735
644	463
644	797
645	546
645	790
646	290
649	237
651	24
651	207
651	594
653	250
654	674
656	62
656	358
656	528
657	121
657	385
657	400
657	483
660	294
660	791
661	305
661	313
661	558
661	565
661	566
661	757
661	774
662	717
663	160
663	204
663	584
663	660
664	242
664	611
664	646
664	772
665	771
667	309
668	235
668	262
668	511
671	58
671	353
671	695
672	265
672	597
674	131
675	210
675	582
676	65
677	70
677	227
677	381
677	755
678	264
678	427
679	239
679	544
680	278
680	679
680	791
681	167
681	726
682	136
682	769
683	209
684	768
686	326
687	311
687	510
688	394
689	134
689	564
689	663
693	95
693	510
693	677
695	402
698	691
699	172
700	65
700	636
701	101
701	180
701	419
701	720
702	549
703	365
704	4
704	46
704	187
704	442
704	515
705	154
705	286
706	117
706	602
706	690
709	83
709	279
710	338
710	520
710	612
710	637
710	785
711	150
713	251
713	341
713	358
714	175
714	292
714	761
715	478
717	9
718	68
721	390
722	150
722	443
722	699
724	78
726	586
727	602
727	655
731	8
731	107
731	318
733	796
734	775
735	500
735	515
735	595
736	181
736	553
736	626
736	670
740	52
743	711
744	417
744	701
745	170
745	236
745	728
748	103
748	781
749	670
749	684
750	424
751	488
752	27
752	647
753	151
753	325
753	525
753	585
753	735
753	742
754	745
755	744
756	11
756	636
757	761
758	461
759	330
759	763
761	3
761	392
761	760
762	177
762	636
763	52
763	488
764	68
765	148
766	283
767	639
770	575
770	756
771	531
773	40
779	2
779	550
781	686
784	409
785	182
786	168
786	327
787	355
787	505
787	774
788	260
788	535
788	675
788	681
789	93
790	0
790	131
791	410
793	51
793	119
794	536
795	253
797	188
797	652
798	14
798	617
799	49
-----------
0	169
1	744
2	366
3	327
3	607
4	771
5	124
5	576
6	526
7	195
7	661
8	157
9	188
9	593
11	27
11	322
11	617
12	262
12	573
15	427
15	450
15	535
16	478
16	745
17	459
19	788
20	300
20	674
22	362
23	159
23	602
23	625
24	87
24	307
24	487
24	783
25	40
27	39
27	64
28	198
28	226
28	402
28	556
28	663
29	267
29	361
31	71
31	93
31	154
32	738
32	762
33	429
35	26
35	101
36	604
36	781
37	13
39	72
40	595
41	8
41	506
41	610
41	775
42	379
42	483
42	621
43	615
44	407
45	617
45	654
46	588
47	401
47	457
47	590
47	758
48	165
48	634
49	99
49	374
49	376
49	757
53	80
53	157
54	33
54	651
56	674
56	687
57	325
57	459
58	296
59	788
60	184
60	705
61	440
61	741
62	694
62	715
66	200
66	242
67	351
70	23
70	316
70	636
71	799
74	659
75	336
76	328
78	430
78	509
80	6
80	551
80	704
81	272
82	446
82	586
83	44
83	511
83	705
83	725
85	267
86	305
86	565
86	746
87	519
89	294
89	434
89	529
91	596
92	42
92	203
93	75
93	748
94	175
94	434
94	724
95	50
95	286
95	430
96	313
96	797
97	267
97	598
98	90
98	93
99	199
99	496
99	640
102	437
102	480
103	271
103	287
105	628
106	293
106	435
106	443
108	376
109	4
109	105
109	519
110	309
110	569
110	585
111	527
111	691
112	454
114	711
115	58
115	680
116	46
116	187
116	494
116	750
117	286
117	342
117	759
118	217
118	323
118	771
119	605
121	656
122	557
122	604
122	614
123	312
124	421
125	40
125	418
125	449
125	745
125	787
127	722
127	780
129	260
130	659
131	717
132	288
132	529
133	177
134	129
134	599
136	243
136	284
136	675
137	493
138	266
138	413
140	129
140	185
140	476
140	603
143	234
144	20
144	299
144	593
146	218
146	773
147	203
148	59
151	279
152	263
152	411
152	435
152	452
153	559
153	646
154	643
155	385
156	498
157	86
157	308
157	531
157	545
157	718
159	453
159	719
160	35
161	260
163	252
164	654
165	446
165	630
166	130
167	493
167	797
170	383
170	564
172	578
173	464
173	657
174	685
175	242
175	489
175	753
176	536
176	537
176	588
176	665
178	87
179	662
180	9
180	118
180	162
180	656
183	308
184	115
185	255
185	375
186	100
186	629
187	270
187	600
188	430
188	594
188	796
189	192
189	789
190	102
190	509
191	359
191	706
192	409
193	104
195	167
196	365
196	509
198	795
199	392
199	535
199	541
200	31
200	623
201	551
202	83
203	196
203	632
203	670
205	55
205	56
205	493
205	727
205	733
207	378
207	439
208	290
208	656
209	449
210	287
210	518
211	686
212	600
213	34
213	97
213	206
213	365
213	535
214	131
214	748
215	71
215	768
218	501
218	676
219	374
219	761
220	196
220	614
222	33
222	280
223	166
223	217
223	641
224	130
224	435
224	750
224	776
225	28
226	479
227	114
227	484
228	69
228	751
229	382
230	185
230	728
231	284
232	401
232	409
232	579
233	490
234	102
235	782
236	671
237	219
237	272
238	617
238	770
239	20
239	92
239	252
239	408
239	635
240	136
240	769
242	362
243	7
243	109
243	174
243	576
244	127
244	235
244	439
244	511
244	515
245	212
245	241
245	344
245	363
247	425
248	340
249	576
252	230
253	194
255	501
255	670
256	437
257	131
257	690
258	769
259	421
259	701
261	177
261	211
261	359
262	144
262	532
262	715
263	562
263	597
263	674
263	687
263	731
265	147
266	123
266	336
266	589
267	46
267	187
267	265
267	521
267	547
269	311
269	780
270	20
270	265
270	455
270	596
270	597
271	439
271	659
272	83
273	504
273	643
274	101
274	233
274	339
274	385
274	720
275	151
275	384
275	413
276	561
277	30
277	351
278	733
281	73
281	575
282	361
283	80
284	167
284	434
284	548
285	121
285	595
285	604
287	284
288	300
288	419
289	413
289	592
289	677
290	177
290	466
291	57
291	548
292	655
293	538
293	550
293	636
295	268
295	400
295	434
295	686
296	183
296	243
297	132
297	338
298	263
299	335
299	546
299	561
300	477
301	549
302	197
302	338
303	698
303	739
304	280
304	757
305	182
305	584
306	203
309	17
309	77
309	196
309	747
310	629
311	434
312	123
312	244
312	296
313	621
318	693
319	131
319	427
320	117
320	210
321	316
321	402
321	423
323	216
324	309
324	538
324	787
325	192
325	193
325	253
325	646
327	36
327	706
328	459
330	247
330	419
330	660
331	538
332	552
333	423
333	539
333	738
334	56
334	150
335	241
336	663
337	211
338	334
338	410
338	452
338	487
339	45
339	735
340	604
340	633
341	655
342	727
342	733
343	24
343	485
344	336
344	589
344	664
345	409
345	672
346	679
346	775
347	218
348	310
348	443
348	632
349	53
350	707
350	733
352	78
355	426
355	739
357	496
357	681
358	91
358	610
360	60
361	198
361	663
362	221
362	440
362	463
362	744
363	392
363	437
364	139
365	689
366	135
366	251
366	725
367	723
368	31
368	65
368	334
370	650
370	782
371	167
371	502
371	510
371	629
372	290
372	592
373	591
375	439
375	521
376	152
376	507
377	139
378	66
379	357
380	142
380	303
381	154
382	39
382	470
383	121
383	523
383	770
384	62
384	404
384	468
384	498
384	528
384	707
385	16
385	562
385	778
386	607
387	535
388	186
388	751
389	153
390	83
390	152
390	283
391	210
392	105
392	148
392	485
393	634
397	121
397	535
398	401
398	476
398	636
398	716
399	487
399	783
401	773
402	66
402	318
402	573
403	134
403	586
403	690
404	58
404	404
404	695
405	97
407	222
408	65
408	140
408	334
410	269
410	782
411	702
412	352
412	463
412	481
414	243
414	481
414	766
415	28
415	392
415	683
416	28
416	35
416	66
418	659
419	199
420	183
421	289
423	193
423	646
425	112
425	132
425	522
426	254
426	457
427	216
427	642
428	175
428	188
428	603
430	232
430	413
430	544
430	778
431	83
431	204
431	394
434	791
435	162
435	571
435	647
436	86
436	260
437	1
440	455
440	785
441	114
441	225
442	392
444	43
444	81
445	492
447	750
448	666
448	754
449	268
450	206
451	537
451	602
453	180
454	194
454	636
454	680
455	119
457	274
457	478
459	144
459	715
460	742
461	260
461	725
461	731
462	257
462	520
462	637
462	669
463	77
463	122
463	658
463	685
464	436
464	466
465	319
465	677
465	779
465	780
466	196
466	294
466	614
467	130
467	422
468	277
468	389
468	539
468	573
468	591
469	422
469	646
473	40
473	436
473	557
473	611
474	110
474	350
474	358
475	178
475	187
475	427
475	597
476	167
477	256
477	521
478	326
478	776
479	482
480	89
480	198
481	31
481	273
481	494
481	552
482	429
483	407
483	751
484	155
485	11
485	164
485	575
485	786
487	468
487	799
488	498
489	505
489	674
491	95
492	55
492	746
493	597
494	69
495	542
495	685
495	748
497	364
497	797
499	281
499	549
500	266
500	481
500	752
502	121
502	179
502	211
502	321
505	429
505	634
506	354
506	504
506	591
507	679
508	143
511	311
511	389
512	232
512	505
513	167
513	698
515	569
516	611
520	113
520	502
520	625
520	708
520	709
522	77
522	122
522	247
522	368
523	610
524	675
525	778
526	690
528	387
528	392
528	755
529	348
529	713
530	640
533	219
533	544
534	362
536	269
536	282
537	656
539	633
540	682
541	247
541	321
541	739
542	639
542	696
544	294
545	119
545	632
547	160
547	523
548	455
549	232
549	505
549	526
550	97
550	412
550	601
550	788
551	691
552	86
552	463
552	651
553	493
554	361
554	656
554	731
555	80
557	271
558	85
558	274
559	696
560	313
560	339
562	618
563	417
563	449
563	479
563	696
564	466
565	254
565	780
566	11
566	783
567	631
568	600
568	705
569	160
569	406
569	542
570	145
571	381
571	701
572	564
573	115
574	4
574	91
575	717
576	21
576	60
579	642
580	243
580	284
581	586
582	16
583	261
584	406
584	449
586	229
587	505
588	380
588	509
588	587
589	465
591	610
593	735
595	188
595	219
596	141
596	347
598	124
598	261
598	574
598	610
599	597
601	263
603	688
603	724
604	87
604	380
604	535
604	584
604	716
605	607
605	787
606	206
606	215
607	701
607	720
608	69
610	75
610	388
610	404
610	711
611	5
612	220
612	440
613	175
613	276
614	132
614	284
616	755
619	350
620	544
620	723
621	4
621	218
621	274
621	755
622	575
623	93
623	520
623	745
624	234
624	573
624	587
625	139
625	438
625	697
626	630
627	95
628	344
628	491
629	300
630	6
630	327
630	577
632	361
633	2
633	399
633	445
633	615
634	116
637	236
637	619
639	356
639	746
640	178
640	232
640	349
640	427
642	775
643	201
643	522
643	525
643	735
644	421
644	463
645	546
645	790
646	594
649	237
651	207
651	594
651	717
653	250
654	674
656	62
656	358
656	528
657	106
657	176
657	385
657	400
660	57
660	791
661	239
661	305
661	313
661	509
661	558
661	565
661	774
662	608
663	204
663	251
663	412
663	507
664	242
664	356
664	611
664	646
665	192
667	402
668	235
668	262
668	511
671	58
671	70
671	695
672	265
672	597
674	144
675	210
675	582
676	65
677	227
677	272
677	353
677	686
678	164
678	264
679	544
679	566
680	278
680	679
680	791
681	167
681	726
682	136
682	769
683	209
684	768
686	326
687	311
687	510
688	394
689	134
689	564
689	663
693	95
693	510
693	677
695	522
698	691
699	172
700	636
700	681
701	101
701	394
701	419
701	720
702	549
703	365
704	46
704	187
704	285
704	442
704	515
705	235
705	562
706	69
706	283
706	690
709	83
709	279
710	338
710	520
710	612
710	637
710	785
711	435
713	160
713	202
713	341
714	175
714	292
714	740
715	563
717	638
718	68
721	390
722	150
722	443
722	699
724	772
726	586
727	602
727	655
731	8
731	107
731	318
733	796
734	775
735	500
735	515
735	777
736	181
736	553
736	626
736	670
740	52
743	170
744	417
744	701
745	170
745	340
745	612
748	103
748	781
749	659
749	684
750	424
751	488
752	27
752	647
753	151
753	325
753	525
753	585
753	735
753	742
754	745
755	394
756	11
756	680
757	761
758	461
759	330
759	763
761	3
761	429
761	760
762	40
762	177
763	52
763	488
764	68
765	756
766	117
767	639
770	689
770	756
771	531
773	636
779	2
779	529
781	202
784	409
785	182
786	168
786	327
787	355
787	720
787	774
788	65
788	260
788	535
788	675
789	93
790	0
790	714
791	410
793	51
793	119
794	73
795	253
797	652
797	767
798	14
798	617
799	49
-----------
0	169
1	505
2	366
3	124
3	311
4	771
5	124
5	576
6	526
7	195
7	661
8	157
9	188
9	593
11	322
11	402
11	617
12	83
12	573
15	263
15	535
15	680
16	478
16	745
17	663
19	788
20	618
20	656
22	242
23	69
23	705
23	746
24	87
24	307
24	487
24	783
25	102
27	351
27	564
28	27
28	139
28	198
28	226
28	663
29	361
29	481
31	71
31	93
31	174
32	422
32	628
33	429
35	34
35	101
36	434
36	781
37	13
39	72
40	777
41	70
41	362
41	506
41	775
42	176
42	379
42	621
43	615
44	407
45	455
45	498
46	750
47	401
47	457
47	590
47	758
48	116
48	165
49	99
49	114
49	143
49	374
53	167
53	336
54	33
54	651
56	674
56	687
57	325
57	450
58	296
59	672
60	184
60	705
61	481
61	741
62	694
62	780
66	69
66	659
67	351
70	293
70	636
70	659
71	318
74	770
75	241
76	328
78	430
78	509
80	313
80	509
80	551
81	272
82	446
82	586
83	625
83	679
83	725
83	746
85	267
86	305
86	565
86	746
87	519
89	164
89	436
89	529
91	596
92	42
92	610
93	210
93	439
94	175
94	434
94	724
95	50
95	430
95	576
96	73
96	421
97	274
97	598
98	90
98	93
99	496
99	640
99	679
102	268
102	480
103	130
103	287
105	354
106	28
106	316
106	399
108	376
109	285
109	413
109	610
110	309
110	569
110	657
111	159
111	751
112	271
114	711
115	58
115	326
116	46
116	140
116	187
116	348
117	178
117	222
117	394
118	6
118	196
118	217
119	253
121	429
122	321
122	557
122	604
123	312
124	600
125	418
125	449
125	733
125	745
125	755
127	722
127	780
129	597
130	659
131	614
132	413
132	779
133	177
134	430
134	599
136	123
136	243
136	284
137	384
138	413
138	720
140	80
140	454
140	564
140	603
143	234
144	299
144	576
144	593
146	478
146	773
147	203
148	59
151	591
152	263
152	435
152	452
152	787
153	339
153	378
154	643
155	552
156	498
157	86
157	308
157	421
157	477
157	545
159	362
159	453
160	35
161	601
163	548
164	170
165	185
165	630
166	455
167	493
167	797
170	385
170	476
172	578
173	449
173	464
174	685
175	100
175	202
175	261
176	313
176	588
176	665
176	731
178	87
179	662
180	118
180	132
180	162
180	610
183	230
184	115
185	218
185	255
186	629
186	753
187	270
187	630
188	129
188	632
188	796
189	192
189	789
190	102
190	509
191	254
191	706
192	11
193	104
195	167
196	365
196	674
198	795
199	201
199	541
199	674
200	31
200	194
201	177
202	421
203	192
203	632
203	670
205	144
205	368
205	493
205	727
205	733
207	439
207	689
208	290
208	656
209	436
210	287
210	518
211	199
212	600
213	97
213	206
213	365
213	535
213	720
214	183
214	463
215	494
215	716
218	406
218	538
219	166
219	409
220	196
220	614
222	409
222	693
223	217
223	575
223	641
224	382
224	701
224	750
224	799
225	28
226	97
227	376
227	476
228	242
228	459
229	691
230	310
230	612
231	284
232	617
232	652
232	748
233	490
234	40
235	782
236	671
237	272
237	747
238	274
238	401
239	92
239	252
239	335
239	408
239	635
240	136
240	769
242	719
243	7
243	20
243	109
243	562
244	127
244	235
244	409
244	511
244	717
245	141
245	212
245	363
245	427
247	425
248	681
249	60
252	308
253	623
255	23
255	501
256	243
257	134
257	569
258	769
259	83
259	435
261	177
261	211
261	359
262	144
262	532
262	715
263	573
263	597
263	674
263	687
263	696
265	147
266	336
266	589
266	675
267	46
267	187
267	265
267	547
267	689
269	55
269	759
270	20
270	265
270	280
270	596
270	597
271	389
271	439
272	538
273	504
273	643
274	81
274	101
274	233
274	720
274	750
275	150
275	151
275	631
276	561
277	30
277	523
278	733
281	73
281	592
282	361
283	80
284	167
284	434
284	548
285	407
285	604
285	625
287	284
288	300
288	419
289	105
289	592
289	677
290	177
290	466
291	44
291	57
292	655
293	66
293	501
293	529
295	400
295	437
295	686
295	738
296	183
296	243
297	537
297	738
298	263
299	20
299	546
299	561
300	311
301	549
302	197
302	260
303	677
303	698
304	130
304	757
305	40
305	182
306	203
309	17
309	77
309	196
309	521
310	629
311	434
312	123
312	244
312	296
313	621
318	33
319	55
319	742
320	75
320	531
321	316
321	402
321	423
323	178
324	538
324	744
324	787
325	192
325	193
325	605
325	646
327	36
327	300
328	459
330	154
330	170
330	419
331	676
332	774
333	423
333	638
333	739
334	56
334	435
335	251
336	121
337	211
338	49
338	410
338	452
338	487
339	45
339	735
340	194
340	262
341	655
342	727
342	733
343	485
343	780
344	336
344	589
344	664
345	374
345	788
346	216
346	775
347	218
348	40
348	443
348	594
349	53
350	535
350	714
352	340
355	276
355	686
357	496
357	681
358	85
358	91
360	633
361	198
361	663
362	221
362	440
362	563
362	713
363	437
363	731
364	139
365	646
366	135
366	252
366	725
367	685
368	31
368	65
368	334
370	573
370	782
371	167
371	362
371	510
371	542
372	117
372	283
373	385
375	219
375	439
376	152
376	507
377	75
378	66
379	357
380	522
380	670
381	507
382	39
382	470
383	121
383	523
383	770
384	62
384	404
384	468
384	498
384	528
384	707
385	234
385	562
385	778
386	607
387	787
388	186
388	751
389	708
390	83
390	152
390	594
391	210
392	105
392	485
392	756
393	634
397	106
397	535
398	71
398	401
398	484
398	636
399	487
399	783
401	773
402	409
402	427
402	776
403	5
403	134
403	690
404	58
404	404
404	695
405	479
407	311
408	65
408	211
408	334
410	269
410	782
411	326
412	352
412	440
412	463
414	243
414	481
414	766
415	28
415	392
415	683
416	35
416	66
416	164
418	659
419	199
420	21
421	289
423	193
423	646
425	16
425	132
425	522
426	254
426	457
427	216
427	642
428	175
428	182
428	327
430	26
430	356
430	413
430	544
431	83
431	204
431	688
434	791
435	162
435	571
435	647
436	86
436	260
437	1
440	654
440	785
441	114
441	225
442	392
444	43
444	559
445	603
447	383
448	666
448	754
449	268
450	206
451	200
451	537
453	235
454	286
454	549
454	680
455	119
457	274
457	707
459	144
459	715
460	604
461	129
461	260
461	392
462	257
462	520
462	637
462	674
463	77
463	122
463	323
463	723
464	57
464	466
465	241
465	319
465	677
465	715
466	196
466	294
466	614
467	130
467	488
468	389
468	539
468	544
468	591
468	702
469	422
469	646
473	526
473	557
473	585
473	611
474	110
474	202
474	504
475	187
475	273
475	344
475	725
476	167
477	256
477	521
478	680
478	776
479	482
480	89
480	154
481	31
481	429
481	494
481	597
482	429
483	459
483	751
484	155
485	113
485	443
485	575
485	786
487	468
487	799
488	261
489	266
489	704
491	95
492	527
492	780
493	785
494	69
495	629
495	685
495	748
497	364
497	797
499	206
499	281
500	267
500	752
500	775
502	121
502	179
502	515
502	709
505	279
505	634
506	56
506	350
506	591
507	539
508	690
511	131
511	602
512	232
512	505
513	203
513	698
515	509
516	611
520	11
520	502
520	519
520	588
520	595
522	77
522	122
522	153
522	247
523	610
524	675
525	778
526	690
528	435
528	640
528	755
529	142
529	768
530	387
533	219
533	562
534	502
536	269
536	706
537	656
539	633
540	682
541	247
541	321
541	739
542	639
542	696
544	260
545	119
545	632
547	64
547	160
548	455
549	232
549	446
549	505
550	97
550	338
550	612
550	788
551	691
552	86
552	463
552	651
553	493
554	361
554	394
554	656
555	380
557	271
558	659
558	762
559	696
560	339
560	658
562	669
563	417
563	449
563	479
563	731
564	761
565	185
565	359
566	280
566	783
567	642
568	705
568	718
569	160
569	542
569	604
570	145
571	272
571	701
572	39
573	115
574	91
574	544
575	608
576	60
576	748
579	132
580	284
580	437
581	586
582	656
583	8
584	406
584	449
586	229
587	330
588	380
588	509
588	587
589	465
591	573
593	0
595	188
595	219
596	157
596	347
598	232
598	558
598	610
598	767
599	597
601	489
603	724
603	771
604	80
604	87
604	535
604	584
604	716
605	411
605	607
606	215
606	636
607	574
607	701
608	69
610	175
610	388
610	404
610	556
611	586
612	220
612	440
613	247
613	426
614	227
614	375
616	510
619	350
620	4
620	723
621	4
621	267
621	493
621	686
622	740
623	93
623	634
623	745
624	16
624	52
624	587
625	139
625	438
625	697
626	600
627	95
628	338
628	344
629	300
630	6
630	327
630	577
632	361
633	2
633	392
633	445
633	615
634	520
637	394
637	619
639	356
639	511
640	232
640	342
640	349
640	427
642	266
643	112
643	522
643	525
643	735
644	463
644	797
645	546
645	701
646	290
649	237
651	24
651	207
651	594
653	250
654	535
656	62
656	358
656	528
657	121
657	385
657	400
657	483
660	294
660	791
661	305
661	313
661	552
661	565
661	566
661	617
661	757
662	717
663	160
663	204
663	584
663	660
664	242
664	611
664	646
664	772
665	491
667	309
668	235
668	262
668	511
671	58
671	353
671	695
672	265
672	597
674	131
675	210
675	582
676	65
677	282
677	284
677	381
677	755
678	264
678	427
679	239
679	544
680	278
680	679
680	791
681	167
681	726
682	136
682	769
683	209
684	768
686	277
687	510
687	607
688	778
689	521
689	564
689	663
693	40
693	93
693	95
695	402
698	691
699	172
700	65
700	636
701	101
701	180
701	419
701	720
702	131
703	365
704	4
704	46
704	187
704	442
704	515
705	198
705	286
706	117
706	535
706	690
709	83
709	279
710	294
710	338
710	412
710	520
710	637
711	529
713	251
713	341
713	358
714	175
714	292
714	761
715	218
717	9
718	68
721	390
722	150
722	443
722	699
724	78
726	586
727	68
727	655
731	8
731	107
731	318
733	796
734	775
735	500
735	515
735	595
736	181
736	303
736	553
736	626
740	717
743	711
744	417
744	790
745	236
745	654
745	728
748	103
748	781
749	670
749	684
750	424
751	488
752	27
752	647
753	151
753	325
753	525
753	585
753	735
753	742
754	745
755	744
756	11
756	636
757	466
758	461
759	394
759	763
761	3
761	392
761	434
762	551
762	636
763	52
763	760
764	602
765	148
766	283
767	639
770	575
770	756
771	531
773	412
779	2
779	550
781	739
784	650
785	492
786	168
786	327
787	355
787	505
787	774
788	260
788	340
788	602
788	675
789	288
790	549
790	735
791	410
793	51
793	119
794	536
795	253
797	188
797	579
798	14
798	617
799	334
-----------
0	169
1	505
2	366
3	117
3	607
4	771
5	124
5	576
6	526
7	195
7	661
8	157
9	188
9	593
11	204
11	322
11	498
12	262
12	573
15	263
15	327
15	535
16	478
16	745
17	663
19	788
20	656
20	669
22	242
23	69
23	159
23	705
24	87
24	307
24	487
24	783
25	60
27	31
27	39
28	139
28	198
28	226
28	563
28	663
29	361
29	481
31	71
31	562
31	724
32	738
32	762
33	541
35	101
35	720
36	187
36	656
37	13
39	72
40	209
41	8
41	504
41	506
41	610
42	220
42	338
42	379
43	615
44	407
45	498
45	654
46	750
47	401
47	457
47	590
47	758
48	165
48	339
49	99
49	254
49	376
49	690
53	36
53	167
54	33
54	651
56	674
56	687
57	325
57	626
58	296
59	788
60	184
60	705
61	666
61	741
62	311
62	694
66	69
66	435
67	351
70	293
70	434
70	659
71	799
74	770
75	336
76	328
78	430
78	509
80	439
80	551
80	704
81	272
82	446
82	586
83	1
83	625
83	725
83	746
85	175
86	305
86	565
86	746
87	519
89	435
89	476
89	604
91	596
92	573
92	594
93	210
93	439
94	131
94	167
94	278
95	50
95	430
95	576
96	312
96	632
97	267
97	598
98	90
98	93
99	496
99	640
99	725
102	480
102	602
103	323
103	757
105	628
106	164
106	316
106	399
108	797
109	56
109	285
109	413
110	309
110	569
110	657
111	470
111	751
112	271
114	711
115	680
115	751
116	46
116	140
116	187
116	494
117	65
117	178
117	394
118	192
118	217
118	544
119	294
121	656
122	557
122	604
122	782
123	73
124	20
125	40
125	106
125	418
125	745
125	787
127	742
127	780
129	680
130	659
131	321
132	288
132	529
133	177
134	430
134	599
136	243
136	284
136	675
137	493
138	413
138	720
140	309
140	454
140	564
140	603
143	234
144	299
144	362
144	593
146	204
146	655
147	203
148	59
151	279
152	263
152	411
152	452
152	529
153	6
153	378
154	643
155	385
156	498
157	86
157	421
157	477
157	545
157	639
159	121
159	719
160	35
161	588
163	548
164	654
165	310
165	630
166	210
167	493
167	527
170	383
170	476
172	571
173	585
173	658
174	685
175	232
175	362
175	759
176	95
176	313
176	665
176	731
178	87
179	662
180	46
180	105
180	282
180	755
183	308
184	115
185	375
185	479
186	100
186	202
187	270
187	600
188	42
188	129
188	796
189	781
189	789
190	102
190	509
191	359
191	706
192	280
193	677
195	652
196	365
196	509
198	795
199	201
199	429
199	535
200	31
200	185
201	551
202	83
203	196
203	632
203	670
205	272
205	368
205	493
205	727
205	733
207	439
207	689
208	290
208	656
209	449
210	287
210	518
211	619
212	600
213	34
213	206
213	365
213	489
213	535
214	402
214	748
215	716
215	768
218	83
218	676
219	374
219	740
220	196
220	614
222	33
222	604
223	166
223	217
223	641
224	130
224	318
224	424
224	523
225	28
226	188
227	114
227	484
228	199
228	566
229	493
230	194
230	612
231	284
232	69
232	409
232	776
233	490
234	102
235	614
236	671
237	272
237	537
238	247
238	274
239	20
239	92
239	252
239	289
239	408
240	136
240	769
242	457
243	109
243	174
243	440
243	576
244	127
244	235
244	511
244	717
244	748
245	212
245	241
245	427
245	502
247	425
248	340
249	60
252	230
253	623
255	23
255	501
256	243
257	509
257	544
258	769
259	421
259	435
261	211
261	359
261	394
262	144
262	532
262	715
263	562
263	597
263	674
263	687
263	696
265	147
266	83
266	336
266	589
267	46
267	187
267	265
267	478
267	547
269	562
269	780
270	20
270	265
270	455
270	596
270	597
271	200
271	439
272	538
273	643
273	775
274	39
274	101
274	176
274	720
274	750
275	384
275	429
275	549
276	27
277	186
277	252
278	733
281	73
281	410
282	361
283	777
284	167
284	277
284	548
285	335
285	407
285	625
287	284
288	300
288	419
289	16
289	105
289	592
290	177
290	466
291	44
291	57
292	655
293	66
293	501
293	529
295	400
295	434
295	573
295	686
296	183
296	631
297	660
297	738
298	263
299	455
299	463
299	561
300	311
301	549
302	559
302	677
303	698
303	779
304	130
304	531
305	182
305	412
306	203
309	17
309	77
309	196
309	747
310	608
311	434
312	123
312	244
312	296
313	621
318	610
319	55
319	674
320	75
320	124
321	316
321	402
321	423
323	178
324	538
324	744
324	787
325	192
325	193
325	243
325	646
327	14
327	679
328	459
330	154
330	247
330	419
331	538
332	118
333	502
333	638
333	701
334	380
334	435
335	241
336	121
337	211
338	334
338	410
338	452
338	487
339	636
339	735
340	194
340	409
341	773
342	727
342	733
343	218
343	780
344	336
344	361
344	589
345	409
345	672
346	438
346	679
347	485
348	40
348	632
348	701
349	53
350	4
350	561
352	340
355	426
355	739
357	496
357	681
358	91
358	693
360	633
361	198
361	663
362	221
362	440
362	522
362	714
363	392
363	437
364	139
365	646
366	135
366	202
366	761
367	723
368	31
368	65
368	334
370	573
370	782
371	181
371	253
371	351
371	362
372	592
372	594
373	591
375	313
375	521
376	7
376	507
377	556
378	66
379	357
380	142
380	303
381	507
382	188
382	233
383	121
383	523
383	770
384	62
384	325
384	468
384	528
384	617
384	707
385	222
385	234
385	778
386	607
387	535
388	30
388	751
389	519
390	152
390	283
390	434
391	280
392	132
392	485
392	756
393	634
397	449
397	686
398	71
398	197
398	436
398	636
399	487
399	783
401	773
402	344
402	427
402	776
403	578
403	602
403	690
404	58
404	404
404	695
405	112
407	311
408	65
408	334
408	709
410	269
410	782
411	702
412	352
412	463
412	481
414	243
414	481
414	766
415	28
415	392
415	683
416	28
416	35
416	66
418	659
419	199
420	21
421	635
423	193
423	646
425	97
425	132
425	522
426	427
426	600
427	115
427	216
428	603
428	647
428	786
430	251
430	356
430	413
430	521
431	83
431	537
431	604
434	791
435	134
435	162
435	294
436	86
436	260
437	141
440	453
440	546
441	114
441	225
442	392
444	43
444	81
445	83
447	385
448	690
448	754
449	268
450	206
451	389
451	577
453	235
454	286
454	463
454	680
455	119
457	274
457	707
459	144
459	715
460	164
461	129
461	260
461	731
462	257
462	520
462	637
462	674
463	77
463	122
463	464
463	685
464	57
464	466
465	55
465	715
465	739
465	780
466	196
466	510
466	614
467	130
467	422
468	389
468	437
468	539
468	591
468	636
469	422
469	646
473	436
473	446
473	557
473	611
474	110
474	350
474	421
475	216
475	273
475	434
475	650
476	167
477	256
477	521
478	326
478	617
479	482
480	89
480	198
481	167
481	494
481	552
481	597
482	429
483	374
483	459
484	155
485	11
485	267
485	443
485	575
487	131
487	799
488	617
489	68
489	266
491	260
492	636
492	746
493	597
494	69
495	629
495	685
495	748
497	364
497	797
499	281
499	549
500	266
500	267
500	752
502	179
502	515
502	607
502	785
505	151
505	634
506	354
506	504
506	591
507	539
508	143
511	586
511	757
512	232
512	505
513	80
513	698
515	569
516	611
520	113
520	423
520	588
520	595
520	708
522	77
522	122
522	153
522	401
523	610
524	675
525	778
526	152
528	387
528	392
528	755
529	348
529	713
530	640
533	219
533	544
534	363
536	269
536	617
537	656
539	633
540	682
541	247
541	466
541	739
542	308
542	696
544	260
545	119
545	629
547	64
547	160
548	455
549	232
549	505
549	526
550	97
550	412
550	601
550	788
551	691
552	86
552	206
552	651
553	382
554	394
554	664
554	781
555	80
557	271
558	85
558	659
559	696
560	339
560	691
562	774
563	177
563	417
563	449
563	731
564	321
565	58
565	185
566	11
566	783
567	605
568	705
568	718
569	160
569	406
569	542
570	145
571	144
571	261
572	564
573	642
574	91
574	733
575	629
576	40
576	183
579	642
580	284
580	437
581	745
582	429
583	701
584	406
584	449
586	229
587	394
588	380
588	509
588	587
589	465
591	610
593	330
595	219
595	255
596	347
596	753
598	261
598	574
598	610
598	767
599	597
601	450
603	93
603	404
604	56
604	87
604	535
604	716
604	774
605	500
605	787
606	215
606	636
607	26
607	443
608	579
610	75
610	170
610	388
610	404
611	5
612	440
612	621
613	175
613	276
614	132
614	284
616	162
619	350
620	544
620	723
621	4
621	218
621	274
621	686
622	575
623	93
623	586
623	634
624	16
624	203
624	587
625	491
625	697
625	775
626	630
627	95
628	344
628	688
629	300
630	6
630	219
630	327
632	361
633	2
633	445
633	615
633	618
634	116
637	151
637	778
639	356
639	511
640	232
640	342
640	349
640	427
642	775
643	104
643	522
643	525
643	735
644	376
644	463
645	546
645	790
646	290
649	237
651	24
651	207
651	594
653	250
654	722
656	62
656	358
656	528
657	121
657	385
657	400
657	483
660	536
660	791
661	80
661	287
661	305
661	313
661	558
661	565
661	584
662	717
663	160
663	218
663	338
663	584
664	242
664	611
664	646
664	772
665	771
667	717
668	235
668	262
668	511
671	58
671	353
671	695
672	265
672	597
674	131
675	210
675	582
676	157
677	70
677	227
677	381
677	755
678	254
678	264
679	239
679	326
680	679
680	724
680	791
681	492
681	726
682	136
682	769
683	242
684	768
686	520
687	401
687	510
688	479
689	134
689	564
689	663
693	95
693	510
693	677
695	402
698	691
699	172
700	65
700	319
701	101
701	180
701	419
701	720
702	413
703	365
704	4
704	187
704	442
704	515
704	552
705	154
705	286
706	0
706	117
706	268
709	123
709	279
710	338
710	520
710	612
710	637
710	785
711	150
713	251
713	341
713	358
714	175
714	292
714	725
715	689
717	9
718	674
721	390
722	150
722	443
722	699
724	78
726	586
727	602
727	655
731	8
731	107
731	318
733	796
734	294
735	211
735	515
735	595
736	459
736	542
736	553
736	670
740	52
743	711
744	417
744	701
745	170
745	236
745	728
748	103
748	192
749	670
749	684
750	750
751	488
752	27
752	647
753	97
753	139
753	525
753	585
753	735
753	742
754	745
755	744
756	11
756	636
757	761
758	461
759	735
759	763
761	3
761	392
761	760
762	45
762	177
763	52
763	488
764	68
765	148
766	283
767	639
770	575
770	756
771	531
773	40
779	2
779	550
781	535
784	409
785	182
786	168
786	327
787	355
787	505
787	659
788	260
788	535
788	675
788	681
789	93
790	175
790	690
791	468
793	51
793	119
794	775
795	253
797	167
797	797
798	300
798	706
799	49
-----------
0	169
1	505
2	366
3	124
3	607
4	382
5	71
5	662
6	183
7	195
7	661
8	663
9	188
9	593
11	402
11	538
11	617
12	262
12	573
15	179
15	263
15	521
16	478
16	579
17	157
19	788
20	656
20	669
22	242
23	69
23	105
23	705
24	121
24	187
24	487
24	783
25	40
27	351
27	635
28	27
28	139
28	198
28	226
28	663
29	361
29	481
31	93
31	124
31	562
32	484
32	738
33	429
35	101
35	720
36	434
36	781
37	13
39	203
40	777
41	8
41	117
41	300
41	459
42	176
42	379
42	621
43	615
44	407
45	410
45	498
46	750
47	401
47	457
47	590
47	758
48	165
48	520
49	285
49	325
49	327
49	376
53	141
53	167
54	33
54	651
56	674
56	687
57	392
57	459
58	787
59	746
60	184
60	705
61	440
61	610
62	694
62	715
66	69
66	659
67	351
70	636
70	659
70	790
71	799
74	770
75	307
76	328
78	430
78	509
80	551
80	602
80	704
81	247
82	586
82	741
83	400
83	625
83	725
83	746
85	349
86	305
86	565
86	788
87	519
89	436
89	529
89	604
91	596
92	42
92	573
93	300
93	739
94	175
94	434
94	724
95	50
95	430
95	576
96	242
96	421
97	221
97	267
98	90
98	282
99	496
99	617
99	640
102	268
102	480
103	287
103	387
105	628
106	113
106	164
106	399
108	376
109	413
109	539
109	546
110	421
110	569
110	657
111	655
111	751
112	623
114	711
115	58
115	680
116	46
116	140
116	187
116	494
117	100
117	178
117	548
118	6
118	716
118	742
119	776
121	656
122	604
122	614
122	679
123	312
124	600
125	250
125	418
125	449
125	538
125	745
127	722
127	780
129	294
130	192
131	321
132	288
132	529
133	177
134	430
134	646
136	284
136	338
136	675
137	493
138	413
138	720
140	454
140	564
140	717
140	772
143	234
144	20
144	299
144	593
146	218
146	773
147	519
148	666
151	112
152	263
152	411
152	435
152	452
153	378
153	632
154	643
155	385
156	498
157	9
157	217
157	294
157	424
157	477
159	453
159	719
160	57
161	260
163	739
164	654
165	310
165	630
166	280
167	481
167	797
170	383
170	476
172	578
173	216
173	585
174	685
175	202
175	362
175	753
176	313
176	588
176	665
176	731
178	87
179	338
180	93
180	118
180	132
180	162
183	308
184	621
185	255
185	375
186	394
186	629
187	323
187	600
188	129
188	594
188	796
189	85
189	210
190	388
190	679
191	359
191	706
192	733
193	104
195	167
196	365
196	509
198	795
199	201
199	535
199	541
200	31
200	148
201	551
202	83
203	117
203	196
203	632
205	368
205	493
205	603
205	727
205	733
207	439
207	689
208	290
208	656
209	449
210	43
210	287
211	489
212	600
213	34
213	206
213	284
213	419
213	423
214	463
214	748
215	659
215	780
218	83
218	676
219	374
219	740
220	196
220	614
222	33
222	724
223	86
223	166
223	641
224	130
224	318
224	701
224	750
225	607
226	479
227	538
227	762
228	73
228	199
229	771
230	185
230	612
231	284
232	409
232	725
232	745
233	490
234	102
235	782
236	656
237	59
237	219
238	274
238	401
239	20
239	39
239	92
239	252
239	408
240	136
240	769
242	362
243	7
243	109
243	174
243	576
244	127
244	235
244	511
244	717
244	748
245	212
245	241
245	363
245	427
247	425
248	340
249	60
252	230
253	271
255	23
255	501
256	243
257	509
257	604
258	769
259	421
259	435
261	177
261	211
261	359
262	144
262	532
262	715
263	284
263	597
263	674
263	687
263	696
265	147
266	123
266	336
266	589
267	46
267	187
267	265
267	547
267	689
269	87
269	780
270	20
270	265
270	455
270	596
270	597
271	200
271	449
272	322
273	504
273	643
274	101
274	233
274	409
274	720
274	750
275	151
275	384
275	413
276	561
277	30
277	523
278	733
281	4
281	535
282	361
283	80
284	167
284	434
284	548
285	407
285	585
285	604
287	97
288	192
288	358
289	105
289	592
289	677
290	177
290	466
291	35
291	44
292	655
293	131
293	410
293	537
295	434
295	437
295	636
295	701
296	243
296	361
297	1
297	738
298	263
299	335
299	546
299	759
300	757
301	283
302	197
302	509
303	698
303	779
304	130
304	757
305	182
305	412
306	170
309	77
309	196
309	269
309	747
310	629
311	434
312	244
312	435
312	521
313	115
318	693
319	55
319	217
320	75
320	610
321	143
321	423
321	663
323	178
324	296
324	587
324	787
325	192
325	193
325	605
325	646
327	36
327	706
328	459
330	154
330	535
330	563
331	114
332	552
333	252
333	365
333	638
334	56
334	296
335	241
336	336
337	211
338	409
338	452
338	487
338	654
339	8
339	735
340	194
340	562
341	698
342	727
342	733
343	588
343	768
344	73
344	336
344	589
345	334
345	672
346	557
346	775
347	218
348	40
348	427
348	443
349	53
350	280
350	326
352	340
355	426
355	439
357	496
357	681
358	91
358	446
360	633
361	198
361	663
362	440
362	522
362	598
362	714
363	437
363	675
364	139
365	68
366	135
366	251
366	725
367	723
368	31
368	65
368	334
370	381
370	573
371	362
371	510
371	542
371	791
372	52
372	592
373	717
375	439
375	521
376	152
376	507
377	556
378	535
379	357
380	142
380	303
381	507
382	39
382	470
383	121
383	523
383	770
384	62
384	404
384	413
384	498
384	528
384	707
385	234
385	562
385	778
386	28
387	511
388	186
388	389
389	72
390	83
390	157
390	256
391	210
392	159
392	485
392	756
393	634
397	106
397	535
398	401
398	476
398	636
398	679
399	487
399	783
401	773
402	427
402	650
402	776
403	134
403	586
403	690
404	58
404	404
404	695
405	97
407	311
408	65
408	334
408	709
410	17
410	522
411	702
412	463
412	481
412	745
414	243
414	493
414	766
415	28
415	203
415	683
416	28
416	35
416	330
418	659
419	744
420	755
421	289
423	193
423	646
425	132
425	279
425	782
426	254
426	457
427	216
427	642
428	175
428	327
428	603
430	232
430	356
430	468
430	544
431	83
431	99
431	204
434	791
435	162
435	571
435	647
436	86
436	260
437	338
440	455
440	785
441	114
441	225
442	392
444	463
444	518
445	492
447	385
448	272
448	754
449	268
450	75
451	389
451	537
453	235
454	211
454	286
454	680
455	119
457	274
457	707
459	144
459	715
460	164
461	129
461	260
461	731
462	257
462	520
462	637
462	713
463	77
463	122
463	658
463	685
464	57
464	466
465	319
465	674
465	677
465	780
466	196
466	325
466	614
467	130
467	422
468	277
468	539
468	573
468	591
468	751
469	422
469	646
473	436
473	446
473	482
473	611
474	110
474	202
474	350
475	273
475	464
475	544
475	640
476	167
477	283
477	535
478	253
478	586
479	557
480	198
480	262
481	31
481	494
481	552
481	597
482	429
483	751
483	775
484	155
485	11
485	443
485	575
485	786
487	468
487	799
488	617
489	266
489	739
491	95
492	55
492	509
493	597
494	69
495	347
495	439
495	685
497	364
497	797
499	281
499	549
500	243
500	266
500	752
502	121
502	206
502	515
502	680
505	429
505	634
506	354
506	504
506	591
507	56
508	316
511	93
511	531
512	232
512	505
513	80
513	527
515	442
516	611
520	4
520	485
520	502
520	595
520	708
522	77
522	122
522	153
522	247
523	610
524	392
525	778
526	690
528	392
528	691
528	755
529	348
529	674
530	491
533	219
533	544
534	502
536	269
536	506
537	656
539	633
540	682
541	247
541	321
541	561
542	639
542	696
544	260
545	119
545	632
547	64
547	160
548	455
549	232
549	505
549	526
550	4
550	412
550	601
550	788
551	78
552	86
552	463
552	651
553	3
554	183
554	394
554	671
555	80
557	271
558	139
558	789
559	696
560	270
560	339
562	618
563	417
563	479
563	559
563	731
564	493
565	185
565	254
566	11
566	783
567	631
568	705
568	718
569	160
569	406
569	542
570	145
571	272
571	701
572	564
573	194
574	91
574	316
575	608
576	60
576	526
579	642
580	123
580	358
581	586
582	429
583	261
584	406
584	629
586	229
587	394
588	172
588	380
588	746
589	465
591	610
593	735
595	188
595	219
596	152
596	748
598	261
598	574
598	610
598	767
599	597
601	450
603	222
603	449
604	66
604	87
604	380
604	584
604	716
605	607
605	787
606	215
606	636
607	26
607	701
608	69
610	102
610	206
610	404
610	545
611	5
612	440
612	549
613	175
613	276
614	132
614	284
616	755
619	350
620	344
620	723
621	218
621	274
621	664
621	686
622	575
623	602
623	634
623	745
624	16
624	199
624	203
625	438
625	659
625	697
626	630
627	95
628	344
628	688
629	11
630	6
630	318
630	577
632	361
633	2
633	435
633	445
633	615
634	116
637	619
637	778
639	356
639	529
640	232
640	267
640	342
640	427
642	775
643	16
643	522
643	525
643	735
644	81
644	797
645	293
645	374
646	290
649	237
651	24
651	207
651	594
653	40
654	674
656	62
656	437
656	528
657	71
657	121
657	385
657	483
660	167
660	294
661	305
661	311
661	313
661	558
661	565
661	566
661	774
662	591
663	160
663	204
663	584
663	660
664	144
664	242
664	599
664	611
665	771
667	309
668	89
668	235
668	511
671	58
671	353
671	695
672	265
672	597
674	131
675	210
675	582
676	65
677	21
677	70
677	227
677	782
678	264
678	339
679	239
679	544
680	267
680	587
680	791
681	167
681	726
682	136
682	769
683	209
684	768
686	326
687	311
687	510
688	394
689	134
689	402
689	564
693	95
693	510
693	677
695	402
698	691
699	278
700	65
700	400
701	101
701	180
701	419
701	720
702	549
703	365
704	97
704	187
704	220
704	515
704	569
705	154
705	286
706	602
706	670
706	690
709	83
709	279
710	520
710	576
710	612
710	637
710	785
711	150
713	251
713	341
713	419
714	175
714	292
714	761
715	478
717	308
718	68
721	390
722	150
722	443
722	699
724	691
726	272
727	313
727	655
731	45
731	107
731	690
733	796
734	775
735	500
735	515
735	595
736	181
736	553
736	626
736	670
740	52
743	711
744	417
744	686
745	170
745	236
745	728
748	103
748	781
749	670
749	684
750	309
751	488
752	27
752	647
753	151
753	501
753	525
753	625
753	735
753	742
754	352
755	744
756	300
756	636
757	761
758	461
759	66
759	763
761	392
761	466
761	760
762	177
762	636
763	488
763	594
764	646
765	115
766	46
767	639
770	575
770	756
771	531
773	40
779	2
779	550
781	686
784	409
785	182
786	168
786	327
787	355
787	505
787	774
788	260
788	535
788	675
788	681
789	93
790	0
790	131
791	66
793	51
793	119
794	536
795	253
797	188
797	652
798	14
798	617
799	49
-----------
0	263
1	204
2	366
3	124
3	607
4	738
5	124
5	576
6	427
7	107
7	661
8	157
9	188
9	593
11	162
11	322
11	526
12	262
12	573
15	535
15	680
15	775
16	478
16	745
17	707
19	788
20	680
20	780
22	439
23	69
23	159
23	455
24	87
24	307
24	487
24	783
25	160
27	39
27	351
28	27
28	139
28	198
28	226
28	663
29	361
29	625
31	71
31	93
31	562
32	290
32	510
33	429
35	321
35	720
36	434
36	781
37	13
39	440
40	777
41	143
41	263
41	506
41	610
42	252
42	379
42	621
43	430
44	407
45	498
45	654
46	750
47	401
47	457
47	590
47	758
48	165
48	520
49	80
49	374
49	376
49	690
53	141
53	167
54	504
54	651
56	674
56	687
57	285
57	325
58	296
59	788
60	184
60	705
61	440
61	741
62	694
62	715
66	69
66	181
67	561
70	293
70	636
70	659
71	799
74	770
75	336
76	328
78	509
78	615
80	424
80	551
80	790
81	272
82	446
82	586
83	625
83	679
83	725
83	746
85	267
86	305
86	565
86	746
87	519
89	436
89	529
89	604
91	596
92	42
92	573
93	210
93	439
94	279
94	434
94	724
95	50
95	188
95	576
96	73
96	421
97	598
97	783
98	90
98	93
99	496
99	640
99	725
102	268
102	480
103	287
103	399
105	617
106	365
106	586
106	691
108	376
109	199
109	459
109	563
110	309
110	569
110	657
111	679
111	751
112	389
114	711
115	58
115	669
116	46
116	187
116	494
116	548
117	178
117	394
117	759
118	83
118	217
118	253
119	192
121	656
122	557
122	604
122	614
123	312
124	600
125	40
125	418
125	449
125	745
125	787
127	656
127	722
129	294
130	515
131	132
132	167
132	411
133	177
134	430
134	639
136	114
136	284
136	675
137	493
138	413
138	720
140	11
140	564
140	603
140	717
143	234
144	130
144	251
144	744
146	218
146	773
147	203
148	284
151	175
152	112
152	407
152	435
152	452
153	339
153	378
154	35
155	385
156	498
157	86
157	260
157	266
157	274
157	421
159	562
159	604
160	643
161	260
163	548
164	654
165	310
165	630
166	280
167	493
167	797
170	27
170	476
172	578
173	464
173	585
174	685
175	202
175	362
175	753
176	8
176	313
176	665
176	731
178	575
179	662
180	118
180	132
180	162
180	282
183	308
184	413
185	31
185	89
186	100
186	629
187	267
187	600
188	129
188	594
188	796
189	192
189	493
190	102
190	509
191	359
191	706
192	280
193	663
195	167
196	365
196	509
198	795
199	392
199	541
199	748
200	31
200	194
201	551
202	83
203	196
203	632
203	670
205	144
205	493
205	670
205	727
205	733
207	283
207	689
208	656
208	762
209	185
210	287
210	518
211	92
212	600
213	34
213	348
213	365
213	546
213	553
214	201
214	463
215	716
215	768
218	83
218	676
219	374
219	740
220	196
220	614
222	33
222	409
223	166
223	217
223	641
224	130
224	318
224	701
224	750
225	28
226	479
227	114
227	760
228	60
228	199
229	382
230	274
230	463
231	59
232	409
232	579
232	617
233	490
234	102
235	782
236	671
237	115
237	272
238	274
238	401
239	20
239	252
239	408
239	489
239	635
240	136
240	769
242	362
243	7
243	109
243	576
243	663
244	104
244	127
244	235
244	511
244	748
245	212
245	241
245	504
245	526
247	425
248	340
249	242
252	230
253	623
255	23
255	501
256	243
257	218
257	521
258	769
259	421
259	435
261	177
261	211
261	359
262	144
262	675
262	715
263	256
263	562
263	674
263	687
263	696
265	147
266	321
266	336
266	589
267	2
267	46
267	187
267	265
267	547
269	123
269	780
270	260
270	265
270	455
270	597
270	770
271	200
271	439
272	538
273	33
273	261
274	101
274	233
274	559
274	720
274	750
275	151
275	413
275	739
276	351
277	30
277	523
278	733
281	55
281	73
282	361
283	80
284	140
284	167
284	434
285	481
285	529
285	604
287	537
288	300
288	419
289	105
289	592
289	677
290	177
290	466
291	44
291	57
292	465
293	66
293	501
293	529
295	354
295	434
295	527
295	686
296	183
296	243
297	338
297	597
298	659
299	335
299	535
299	561
300	311
301	549
302	197
302	338
303	272
303	698
304	427
304	659
305	182
305	607
306	203
309	77
309	103
309	196
309	270
310	629
311	434
312	123
312	244
312	296
313	621
318	693
319	682
319	742
320	75
320	117
321	316
321	402
321	423
323	178
324	538
324	744
324	787
325	192
325	193
325	605
325	646
327	36
327	706
328	69
330	154
330	247
330	419
331	538
332	121
333	176
333	423
333	638
334	56
334	435
335	241
336	121
337	211
338	334
338	410
338	452
338	487
339	45
339	254
340	194
340	453
341	655
342	727
342	733
343	485
343	780
344	336
344	589
344	664
345	385
345	672
346	679
346	775
347	509
348	0
348	40
348	632
349	53
350	56
350	733
352	340
355	60
355	739
357	496
357	681
358	91
358	610
360	633
361	198
361	663
362	221
362	440
362	522
362	714
363	392
363	437
364	160
365	646
366	20
366	135
366	725
367	723
368	31
368	65
368	334
370	427
370	573
371	95
371	167
371	219
371	225
372	299
372	594
373	591
375	439
375	521
376	507
376	647
377	556
378	243
379	357
380	142
380	303
381	507
382	39
382	470
383	20
383	121
383	515
384	62
384	404
384	468
384	498
384	528
384	717
385	49
385	719
385	778
386	607
387	179
388	636
388	751
389	417
390	83
390	152
390	242
391	210
392	105
392	485
392	756
393	634
397	502
397	535
398	71
398	401
398	476
398	636
399	487
399	783
401	773
402	436
402	650
402	776
403	134
403	316
403	746
404	58
404	558
404	695
405	97
407	368
408	65
408	334
408	709
410	269
410	782
411	702
412	352
412	463
412	481
414	66
414	261
414	656
415	28
415	392
415	683
416	28
416	35
416	66
418	659
419	227
420	21
421	289
423	193
423	646
425	101
425	169
425	522
426	254
426	457
427	216
427	642
428	175
428	327
428	569
430	232
430	356
430	413
430	544
431	83
431	505
431	537
434	791
435	172
435	412
435	617
436	86
436	260
437	1
440	455
440	785
441	243
441	510
442	392
444	43
444	701
445	492
447	385
448	666
448	754
449	268
450	175
451	271
451	284
453	235
454	206
454	286
454	680
455	119
457	545
457	707
459	144
459	715
460	164
461	129
461	596
461	731
462	257
462	520
462	637
462	674
463	77
463	122
463	658
463	685
464	57
464	466
465	319
465	677
465	739
465	780
466	196
466	294
466	614
467	175
467	422
468	277
468	389
468	443
468	539
468	573
469	422
469	646
473	311
473	446
473	557
473	611
474	110
474	153
474	350
475	187
475	216
475	273
475	344
476	167
477	521
477	597
478	326
478	477
479	482
480	198
480	255
481	375
481	494
481	552
481	597
482	429
483	459
483	751
484	155
485	206
485	443
485	454
485	786
487	468
487	799
488	628
489	674
489	776
491	757
492	55
492	690
493	325
494	459
495	629
495	685
495	748
497	364
497	612
499	281
499	549
500	222
500	266
500	752
502	121
502	211
502	515
502	535
505	85
505	429
506	65
506	220
506	591
507	539
508	327
511	571
511	782
512	232
512	505
513	80
513	698
515	603
516	611
520	106
520	113
520	588
520	595
520	708
522	77
522	122
522	202
522	247
523	610
524	209
525	778
526	690
528	387
528	535
528	755
529	87
529	713
530	640
533	219
533	544
534	502
536	269
536	300
537	481
539	633
540	131
541	247
541	267
541	384
542	599
542	774
544	260
545	119
545	632
547	93
547	139
548	463
549	232
549	402
549	505
550	97
550	152
550	601
550	788
551	691
552	86
552	651
552	705
553	789
554	361
554	394
554	656
555	99
557	271
558	95
558	634
559	696
560	323
560	339
562	618
563	417
563	449
563	479
563	731
564	466
565	185
565	735
566	11
566	747
567	631
568	705
568	718
569	160
569	406
569	542
570	145
571	72
571	701
572	564
573	115
574	4
574	91
575	608
576	183
576	426
579	642
580	284
580	437
581	586
582	429
583	643
584	406
584	449
586	229
587	394
588	380
588	509
588	587
589	797
591	610
593	735
595	188
595	542
596	157
596	347
598	574
598	610
598	766
598	767
599	597
601	450
603	478
603	724
604	87
604	535
604	584
604	716
604	761
605	412
605	681
606	3
606	215
607	26
607	701
608	69
610	75
610	170
610	388
610	404
611	5
612	363
612	779
613	206
613	276
614	132
614	284
616	755
619	350
620	544
620	723
621	4
621	218
621	449
621	686
622	575
623	64
623	634
623	745
624	16
624	203
624	587
625	139
625	438
625	697
626	630
627	362
628	344
628	688
629	300
630	327
630	577
630	771
632	361
633	435
633	445
633	615
633	689
634	116
637	619
637	778
639	356
639	511
640	11
640	130
640	342
640	523
642	775
643	16
643	522
643	525
643	735
644	612
644	655
645	546
645	704
646	290
649	237
651	24
651	207
651	594
653	250
654	674
656	62
656	358
656	528
657	400
657	409
657	483
657	552
660	294
660	791
661	305
661	313
661	404
661	565
661	566
661	757
661	774
662	717
663	204
663	584
663	588
663	660
664	242
664	611
664	646
664	772
665	771
667	309
668	235
668	262
668	511
671	58
671	353
671	695
672	265
672	597
674	785
675	210
675	582
676	65
677	70
677	219
677	381
677	755
678	264
678	427
679	239
679	544
680	278
680	437
680	791
681	288
681	726
682	136
682	769
683	532
684	768
686	326
687	311
687	510
688	394
689	134
689	174
689	564
693	95
693	677
693	738
695	402
698	691
699	602
700	51
700	636
701	101
701	180
701	419
701	720
702	549
703	775
704	4
704	46
704	187
704	442
704	659
705	154
705	286
706	117
706	602
706	690
709	6
709	279
710	131
710	338
710	520
710	637
710	797
711	150
713	234
713	251
713	341
714	292
714	593
714	761
715	491
717	9
718	68
721	390
722	150
722	443
722	699
724	78
726	586
727	602
727	655
731	40
731	195
731	318
733	796
734	164
735	349
735	500
735	595
736	97
736	263
736	531
736	626
740	52
743	711
744	81
744	519
745	170
745	236
745	728
748	17
748	781
749	670
749	684
750	313
751	40
752	383
752	647
753	6
753	151
753	525
753	585
753	735
753	742
754	745
755	592
756	232
756	636
757	380
758	461
759	330
759	763
761	392
761	484
761	636
762	177
762	186
763	52
763	488
764	68
765	148
766	283
767	639
770	575
770	756
771	531
773	488
779	2
779	550
781	686
784	409
785	182
786	8
786	168
787	355
787	505
787	696
788	308
788	535
788	675
788	787
789	93
790	131
790	591
791	410
793	119
793	400
794	536
795	253
797	430
797	652
798	14
798	617
799	358
-----------
0	0
1	505
2	366
3	124
3	607
4	771
5	124
5	576
6	526
7	365
7	421
8	537
9	188
9	593
11	322
11	402
11	617
12	262
12	573
15	122
15	535
15	680
16	575
16	745
17	663
19	788
20	85
20	160
22	242
23	177
23	507
23	705
24	87
24	402
24	544
24	566
25	40
27	39
27	636
28	27
28	139
28	198
28	226
28	663
29	361
29	481
31	71
31	93
31	562
32	531
32	632
33	429
35	309
35	640
36	434
36	781
37	221
39	72
40	777
41	8
41	506
41	610
41	775
42	176
42	529
42	621
43	615
44	379
45	498
45	654
46	750
47	11
47	457
47	590
47	758
48	165
48	520
49	99
49	374
49	376
49	690
53	141
53	167
54	33
54	535
56	313
56	687
57	46
57	459
58	296
59	788
60	184
60	705
61	604
61	741
62	694
62	715
66	659
66	769
67	351
70	293
70	659
70	709
71	799
74	770
75	336
76	328
78	282
78	509
80	551
80	674
80	704
81	272
82	446
82	586
83	361
83	584
83	679
83	746
85	267
86	305
86	746
86	797
87	121
89	436
89	529
89	685
91	351
92	443
92	573
93	439
93	705
94	121
94	206
94	339
95	50
95	430
95	576
96	73
96	421
97	267
97	598
98	90
98	93
99	418
99	436
99	725
102	268
102	276
103	287
103	691
105	110
106	164
106	316
106	399
108	376
109	56
109	285
109	341
110	154
110	569
110	657
111	527
111	751
112	271
114	711
115	58
115	680
116	46
116	140
116	494
116	502
117	210
117	350
117	549
118	6
118	217
118	771
119	253
121	656
122	557
122	604
122	614
123	638
124	600
125	40
125	286
125	426
125	449
125	787
127	722
127	780
129	632
130	659
131	321
132	288
132	529
133	159
134	430
134	599
136	243
136	520
136	675
137	493
138	413
138	720
140	454
140	564
140	603
140	717
143	234
144	20
144	299
144	593
146	218
146	773
147	203
148	59
151	279
152	263
152	411
152	435
152	452
153	339
153	378
154	43
155	385
156	498
157	86
157	308
157	421
157	477
157	545
159	453
159	719
160	35
161	260
163	548
164	654
165	310
165	630
166	57
167	493
167	797
170	383
170	476
172	175
173	464
173	585
174	685
175	202
175	362
175	753
176	241
176	313
176	665
176	731
178	87
179	662
180	118
180	132
180	162
180	655
183	663
184	107
185	255
185	375
186	100
186	629
187	193
187	600
188	129
188	148
188	796
189	45
189	720
190	102
190	509
191	280
191	359
192	510
193	104
195	167
196	365
196	509
198	795
199	201
199	265
199	535
200	194
200	340
201	597
202	83
203	196
203	670
203	762
205	144
205	368
205	392
205	424
205	727
207	199
207	216
208	70
208	656
209	449
210	287
210	518
211	489
212	600
213	34
213	97
213	206
213	274
213	535
214	463
214	748
215	716
215	768
218	83
218	526
219	374
219	740
220	562
220	614
222	290
222	409
223	166
223	217
223	641
224	130
224	196
224	318
224	701
225	28
226	404
227	114
227	484
228	199
228	242
229	382
230	185
230	612
231	284
232	409
232	579
232	617
233	490
234	102
235	782
236	671
237	219
237	272
238	274
238	401
239	20
239	92
239	252
239	408
239	635
240	69
240	210
242	362
243	7
243	109
243	174
243	576
244	127
244	235
244	319
244	511
244	748
245	212
245	363
245	427
245	588
247	425
248	340
249	60
252	455
253	623
255	23
255	501
256	243
257	232
257	509
258	769
259	435
259	539
261	211
261	359
261	546
262	144
262	532
262	715
263	187
263	551
263	674
263	687
263	696
265	152
266	97
266	336
266	629
267	265
267	325
267	438
267	547
267	689
269	222
269	782
270	20
270	455
270	541
270	596
270	597
271	200
271	439
272	523
273	504
273	643
274	101
274	192
274	233
274	706
274	750
275	151
275	250
275	384
276	561
277	30
277	434
278	289
281	73
281	131
282	361
283	80
284	167
284	434
284	670
285	407
285	604
285	625
287	284
288	300
288	419
289	105
289	592
289	677
290	157
290	466
291	44
291	57
292	430
293	66
293	407
293	501
295	400
295	437
295	538
295	686
296	183
296	243
297	338
297	738
298	263
299	167
299	546
299	633
300	311
301	783
302	197
302	338
303	698
303	779
304	130
304	757
305	182
305	412
306	203
309	17
309	77
309	196
309	747
310	629
311	434
312	123
312	244
312	296
313	610
318	693
319	55
319	742
320	75
320	117
321	316
321	402
321	423
323	594
324	538
324	744
324	787
325	192
325	270
325	605
325	646
327	36
327	706
328	459
330	305
330	309
330	487
331	538
332	552
333	252
333	312
333	423
334	56
334	435
335	134
336	175
337	211
338	334
338	410
338	452
338	487
339	735
339	789
340	194
340	604
341	655
342	727
342	733
343	485
343	780
344	336
344	589
344	664
345	409
345	672
346	679
346	775
347	218
348	40
348	632
348	682
349	53
350	563
350	733
352	31
355	496
355	739
357	232
357	681
358	91
358	610
360	335
361	198
361	234
362	13
362	440
362	522
362	714
363	392
363	731
364	139
365	239
366	135
366	251
366	725
367	723
368	65
368	334
368	607
370	573
370	780
371	28
371	167
371	535
371	542
372	592
372	594
373	591
375	521
375	618
376	507
376	521
377	556
378	66
379	69
380	142
380	778
381	69
382	39
382	470
383	327
383	523
383	686
384	62
384	404
384	468
384	498
384	528
384	707
385	562
385	663
385	778
386	607
387	610
388	186
388	751
389	519
390	83
390	147
390	283
391	178
392	105
392	485
392	756
393	634
397	80
397	106
398	71
398	401
398	636
398	669
399	487
399	783
401	773
402	427
402	650
402	776
403	241
403	586
403	690
404	58
404	101
404	695
405	123
407	311
408	65
408	187
408	334
410	404
410	651
411	702
412	65
412	352
412	463
414	243
414	493
414	766
415	362
415	392
415	683
416	28
416	35
416	66
418	659
419	439
420	21
421	733
423	193
423	646
425	112
425	132
425	522
426	254
426	457
427	434
427	689
428	175
428	327
428	603
430	232
430	356
430	413
430	544
431	83
431	177
431	204
434	791
435	162
435	571
435	647
436	86
436	260
437	1
440	455
440	785
441	114
441	225
442	46
444	81
444	643
445	492
447	674
448	754
448	785
449	268
450	206
451	389
451	537
453	235
454	642
454	680
454	745
455	119
457	235
457	274
459	144
459	715
460	164
461	129
461	666
461	731
462	257
462	385
462	520
462	637
463	77
463	263
463	440
463	658
464	466
464	559
465	677
465	717
465	739
465	780
466	196
466	294
466	614
467	130
467	422
468	277
468	389
468	539
468	573
468	591
469	422
469	646
473	446
473	479
473	557
473	612
474	202
474	350
474	628
475	187
475	216
475	273
475	344
476	561
477	256
477	521
478	326
478	776
479	791
480	89
480	198
481	31
481	151
481	552
481	636
482	429
483	459
483	751
484	155
485	42
485	169
485	478
485	786
487	143
487	799
488	617
489	266
489	674
491	95
492	62
492	218
493	597
494	357
495	483
495	589
495	748
497	364
497	565
499	549
499	584
500	266
500	267
500	585
502	179
502	211
502	515
502	656
505	429
505	634
506	504
506	591
506	636
507	195
508	468
511	531
511	602
512	152
512	505
513	542
513	676
515	569
516	611
520	338
520	502
520	588
520	595
520	708
522	77
522	122
522	247
522	281
523	610
524	675
525	303
526	177
528	387
528	733
528	755
529	348
529	713
530	640
533	219
533	544
534	354
536	269
536	300
537	656
539	633
540	443
541	247
541	321
541	739
542	639
542	696
544	260
545	119
545	294
547	64
547	476
548	652
549	496
549	505
549	698
550	97
550	412
550	601
550	788
551	691
552	86
552	463
552	651
553	493
554	394
554	656
554	725
555	574
557	271
558	121
558	659
559	696
560	323
560	724
562	439
563	95
563	417
563	437
563	479
564	466
565	185
565	254
566	365
566	491
567	631
568	136
568	718
569	160
569	406
569	769
570	145
571	701
571	756
572	564
573	115
574	4
574	91
575	608
576	60
576	519
579	642
580	284
580	437
581	586
582	429
583	261
584	406
584	449
586	229
587	394
588	380
588	587
588	759
589	465
591	621
593	735
595	188
595	219
596	157
596	347
598	261
598	269
598	300
598	510
599	597
601	450
603	549
603	724
604	284
604	380
604	535
604	625
604	716
605	31
605	787
606	215
606	596
607	26
607	701
608	69
610	11
610	170
610	388
610	782
611	5
612	220
612	440
613	175
613	480
614	87
614	132
616	755
619	509
620	723
620	783
621	4
621	55
621	284
621	661
622	575
623	93
623	95
623	745
624	16
624	203
624	587
625	139
625	697
625	750
626	630
627	634
628	344
628	688
629	767
630	6
630	327
630	577
632	361
633	2
633	435
633	445
633	615
634	116
637	619
637	778
639	356
639	511
640	232
640	342
640	349
640	427
642	775
643	16
643	417
643	522
643	525
644	463
644	797
645	690
645	790
646	290
649	237
651	24
651	178
651	207
653	413
654	674
656	52
656	528
656	746
657	385
657	400
657	482
657	685
660	294
660	791
661	247
661	313
661	419
661	558
661	565
661	757
661	774
662	717
663	153
663	160
663	204
663	660
664	242
664	611
664	646
664	772
665	192
667	720
668	262
668	511
668	707
671	58
671	353
671	695
672	265
672	597
674	131
675	115
675	582
676	65
677	33
677	210
677	227
677	381
678	264
678	427
679	602
679	646
680	121
680	278
680	679
681	167
681	726
682	80
682	136
683	209
684	768
686	326
687	280
687	311
688	394
689	134
689	308
689	564
693	449
693	510
693	796
695	307
698	691
699	172
700	481
700	636
701	101
701	180
701	419
701	720
702	394
703	401
704	4
704	187
704	392
704	442
704	515
705	286
705	763
706	117
706	544
706	690
709	83
709	279
710	113
710	260
710	611
710	637
710	770
711	150
713	251
713	358
713	413
714	292
714	578
714	761
715	478
717	183
718	68
721	390
722	150
722	443
722	699
724	78
726	586
727	602
727	655
731	8
731	318
731	755
733	677
734	775
735	500
735	515
735	595
736	181
736	548
736	553
736	626
740	358
743	711
744	701
744	735
745	170
745	236
745	728
748	103
748	781
749	670
749	684
750	481
751	488
752	27
752	647
753	325
753	525
753	597
753	735
753	742
753	752
754	745
755	744
756	75
756	494
757	761
758	461
759	154
759	330
761	3
761	392
761	760
762	177
762	636
763	52
763	488
764	68
765	594
766	283
767	639
770	272
770	575
771	738
773	40
779	2
779	550
781	686
784	409
785	182
786	9
786	168
787	355
787	505
787	774
788	260
788	535
788	675
788	681
789	93
790	11
790	131
791	410
793	51
793	119
794	536
795	253
797	188
797	230
798	14
798	617
799	49
-----------
0	169
1	505
2	366
3	124
3	607
4	374
5	124
5	576
6	526
7	195
7	661
8	157
9	188
9	593
11	89
11	402
11	436
12	262
12	573
15	257
15	263
15	680
16	478
16	745
17	663
19	788
20	656
20	669
22	242
23	69
23	159
23	723
24	87
24	307
24	487
24	783
25	40
27	39
27	351
28	27
28	139
28	198
28	283
28	663
29	361
29	481
31	93
31	562
31	788
32	681
32	738
33	344
35	101
35	720
36	69
36	434
37	13
39	72
40	777
41	8
41	147
41	610
41	775
42	379
42	621
42	746
43	144
44	407
45	498
45	654
46	750
47	401
47	457
47	590
47	758
48	123
48	165
49	99
49	376
49	597
49	771
53	141
53	167
54	33
54	187
56	674
56	687
57	325
57	459
58	167
59	646
60	184
60	705
61	308
61	741
62	694
62	715
66	57
66	781
67	351
70	293
70	636
70	659
71	799
74	770
75	744
76	680
78	430
78	509
80	20
80	116
80	704
81	272
82	446
82	586
83	625
83	679
83	725
83	746
85	267
86	305
86	565
86	687
87	519
89	404
89	529
89	617
91	596
92	573
92	634
93	210
93	439
94	175
94	434
94	724
95	50
95	194
95	576
96	46
96	421
97	267
97	598
98	90
98	93
99	83
99	640
99	725
102	268
102	480
103	287
103	691
105	628
106	164
106	316
106	399
108	376
109	56
109	285
109	611
110	491
110	617
110	688
111	527
111	586
112	271
114	711
115	58
115	680
116	162
116	187
116	356
116	494
117	178
117	394
117	759
118	6
118	192
118	217
119	746
121	656
122	203
122	265
122	604
123	714
124	698
125	40
125	418
125	449
125	510
125	745
127	722
127	780
129	294
130	659
131	321
132	430
132	529
133	177
134	599
134	780
136	243
136	284
136	675
137	493
138	413
138	720
140	454
140	603
140	681
140	717
143	234
144	178
144	551
144	557
146	218
146	773
147	585
148	59
151	279
152	263
152	411
152	435
152	452
153	339
153	378
154	115
155	404
156	498
157	4
157	119
157	421
157	549
157	610
159	453
159	719
160	35
161	260
163	548
164	654
165	310
165	520
166	280
167	493
167	797
170	383
170	735
172	755
173	464
173	537
174	685
175	202
175	362
175	753
176	588
176	665
176	731
176	769
178	87
179	662
180	118
180	132
180	162
180	282
183	308
184	193
185	255
185	375
186	100
186	284
187	57
187	270
188	95
188	129
188	796
189	192
189	789
190	102
190	515
191	160
191	706
192	280
193	113
195	167
196	365
196	509
198	795
199	201
199	439
199	541
200	31
200	406
201	551
202	496
203	196
203	632
203	670
205	144
205	409
205	493
205	650
205	733
207	26
207	689
208	601
208	656
209	449
210	287
210	518
211	489
212	600
213	34
213	97
213	206
213	522
213	535
214	463
214	748
215	440
215	716
218	269
218	277
219	374
219	740
220	196
220	253
222	33
222	409
223	250
223	505
223	617
224	272
224	542
224	701
224	750
225	28
226	713
227	114
227	484
228	199
228	242
229	382
230	429
230	612
231	284
232	166
232	409
232	579
233	490
234	643
235	782
236	671
237	219
237	272
238	274
238	401
239	20
239	92
239	252
239	408
239	635
240	83
240	122
242	362
243	7
243	174
243	576
243	641
244	101
244	127
244	235
244	511
244	717
245	241
245	311
245	363
245	427
247	425
248	542
249	60
252	230
253	623
255	23
255	501
256	243
257	509
257	521
258	701
259	435
259	638
261	91
261	211
261	359
262	65
262	532
262	715
263	176
263	562
263	597
263	674
263	696
265	506
266	123
266	336
266	589
267	46
267	187
267	547
267	557
267	689
269	222
269	780
270	265
270	413
270	455
270	596
270	690
271	200
271	439
272	538
273	102
273	504
274	101
274	233
274	559
274	584
274	750
275	131
275	151
275	413
276	561
277	30
277	523
278	733
281	368
281	384
282	361
283	80
284	167
284	434
284	548
285	407
285	604
285	776
287	296
288	300
288	419
289	105
289	592
289	677
290	177
290	466
291	44
291	659
292	597
293	66
293	207
293	501
295	215
295	437
295	690
295	752
296	183
296	243
297	338
297	738
298	263
299	167
299	546
299	561
300	311
301	768
302	197
302	422
303	182
303	779
304	130
304	639
305	412
305	632
306	203
309	77
309	196
309	505
309	747
310	629
311	434
312	55
312	244
312	284
313	24
318	693
319	55
319	71
320	75
320	117
321	316
321	402
321	423
323	593
324	538
324	756
324	787
325	115
325	192
325	605
325	646
327	36
327	706
328	209
330	154
330	247
330	419
331	538
332	552
333	252
333	421
333	423
334	56
334	435
335	241
336	121
337	211
338	334
338	410
338	452
338	487
339	45
339	735
340	160
340	461
341	8
342	727
342	733
343	145
343	485
344	336
344	589
344	664
345	73
345	672
346	679
346	775
347	218
348	40
348	443
348	698
349	53
350	563
350	733
352	340
355	409
355	426
357	496
357	564
358	177
358	610
360	633
361	198
361	663
362	221
362	440
362	522
362	594
363	269
363	437
364	139
365	646
366	135
366	251
366	725
367	705
368	31
368	144
368	334
370	573
370	782
371	167
371	340
371	362
371	510
372	312
372	592
373	119
375	521
375	535
376	152
376	507
377	556
378	455
379	357
380	142
380	636
381	507
382	39
382	470
383	121
383	523
383	657
384	468
384	498
384	528
384	604
384	658
384	707
385	206
385	234
385	778
386	607
387	535
388	186
388	751
389	549
390	83
390	152
390	757
391	210
392	105
392	485
392	756
393	634
397	106
397	686
398	236
398	401
398	553
398	742
399	487
399	783
401	385
402	91
402	427
402	481
403	134
403	586
403	690
404	58
404	404
404	695
405	97
407	321
408	65
408	334
408	709
410	676
410	782
411	702
412	339
412	352
412	463
414	243
414	481
414	766
415	28
415	392
415	683
416	28
416	35
416	66
418	659
419	199
420	21
421	289
423	193
423	646
425	112
425	522
425	637
426	254
426	457
427	216
427	642
428	327
428	603
428	791
430	73
430	232
430	459
430	544
431	136
431	204
431	537
434	791
435	140
435	571
435	647
436	86
436	260
437	1
440	66
440	785
441	225
441	652
442	392
444	43
444	81
445	492
447	773
448	666
448	754
449	268
450	206
451	389
451	526
453	235
454	286
454	328
454	528
455	545
457	274
457	707
459	615
459	715
460	164
461	129
461	260
461	731
462	535
462	630
462	637
462	674
463	62
463	77
463	122
463	685
464	562
464	600
465	677
465	696
465	739
465	780
466	114
466	196
466	294
467	130
467	422
468	83
468	389
468	539
468	573
468	591
469	338
469	646
473	299
473	436
473	446
473	611
474	110
474	202
474	350
475	185
475	216
475	273
475	651
476	335
477	256
477	521
478	326
478	776
479	482
480	198
480	322
481	31
481	266
481	494
481	552
482	429
483	459
483	751
484	155
485	11
485	443
485	575
485	786
487	468
487	799
488	770
489	597
489	674
491	594
492	520
492	614
493	597
494	69
495	64
495	685
495	748
497	364
497	797
499	281
499	549
500	266
500	267
500	535
502	121
502	177
502	211
502	509
505	318
505	429
506	237
506	354
506	591
507	539
508	143
511	531
511	602
512	232
512	505
513	80
513	600
515	569
516	413
520	104
520	502
520	588
520	595
520	708
522	77
522	153
522	247
522	313
523	610
524	675
525	778
526	400
528	387
528	392
528	755
529	348
529	479
530	640
533	219
533	535
534	502
536	300
536	392
537	656
539	633
540	682
541	212
541	247
541	739
542	309
542	696
544	260
545	591
545	632
547	629
547	642
548	455
549	132
549	217
549	232
550	97
550	290
550	412
550	788
551	691
552	86
552	463
552	651
553	493
554	86
554	361
554	429
555	80
557	271
558	85
558	659
559	319
560	323
560	625
562	618
563	87
563	449
563	479
563	731
564	466
565	185
565	254
566	11
566	783
567	631
568	705
568	718
569	130
569	160
569	194
570	139
571	504
571	778
572	564
573	643
574	690
574	727
575	608
576	183
576	578
579	604
580	284
580	437
581	586
582	394
583	261
584	406
584	449
586	229
587	394
588	380
588	509
588	587
589	465
591	610
593	476
595	219
595	639
596	347
596	634
598	261
598	574
598	656
598	767
599	109
601	450
603	309
603	724
604	380
604	417
604	544
604	716
604	720
605	151
605	607
606	434
606	636
607	439
607	769
608	69
610	75
610	170
610	385
610	388
611	5
612	220
612	440
613	175
613	276
614	355
614	629
616	60
619	350
620	544
620	723
621	4
621	218
621	274
621	686
622	575
623	93
623	157
623	745
624	16
624	203
624	587
625	288
625	438
625	697
626	630
627	95
628	477
628	655
629	300
630	6
630	327
630	577
632	361
633	381
633	435
633	445
633	615
634	313
637	42
637	619
639	356
639	511
640	232
640	342
640	349
640	427
642	775
643	16
643	365
643	525
643	735
644	463
644	797
645	546
645	790
646	290
649	187
651	71
651	529
651	594
653	655
654	674
656	62
656	358
656	466
657	121
657	385
657	400
657	483
660	175
660	294
661	305
661	313
661	558
661	565
661	566
661	757
661	774
662	717
663	204
663	359
663	584
663	660
664	242
664	611
664	621
664	772
665	771
667	226
668	235
668	262
668	511
671	58
671	353
671	695
672	265
672	597
674	131
675	210
675	582
676	65
677	2
677	70
677	227
677	755
678	264
678	427
679	239
679	544
680	278
680	679
680	791
681	296
681	726
682	136
682	769
683	20
684	768
686	326
687	311
687	510
688	394
689	134
689	564
689	663
693	95
693	677
693	787
695	402
698	691
699	172
700	65
700	636
701	180
701	419
701	720
701	748
702	519
703	365
704	46
704	442
704	515
704	569
704	701
705	154
705	286
706	4
706	117
706	602
709	83
709	279
710	338
710	520
710	612
710	614
710	785
711	150
713	251
713	341
713	358
714	175
714	292
714	761
715	478
717	9
718	68
721	390
722	150
722	443
722	699
724	78
726	751
727	602
727	655
731	107
731	318
731	344
733	796
734	775
735	500
735	515
735	595
736	336
736	476
736	626
736	670
740	52
743	711
744	417
744	701
745	170
745	303
745	728
748	103
748	781
749	670
749	684
750	424
751	488
752	27
752	647
753	325
753	525
753	585
753	735
753	742
753	787
754	745
755	181
756	11
756	636
757	488
758	430
759	330
759	763
761	3
761	392
761	760
762	179
762	636
763	52
763	761
764	68
765	148
766	283
767	188
770	575
770	744
771	531
773	40
779	2
779	550
781	686
784	739
785	182
786	168
786	327
787	17
787	132
787	774
788	260
788	535
788	675
788	762
789	93
790	0
790	131
791	410
793	51
793	119
794	536
795	253
797	188
797	614
798	14
798	617
799	49
-----------
0	9
1	505
2	366
3	124
3	607
4	771
5	124
5	193
6	526
7	195
7	661
8	157
9	188
9	593
11	322
11	402
11	617
12	262
12	573
15	263
15	655
15	680
16	478
16	745
17	663
19	600
20	229
20	656
22	242
23	69
23	159
23	705
24	87
24	307
24	487
24	783
25	17
27	39
27	199
28	75
28	226
28	443
28	663
28	767
29	361
29	481
31	71
31	93
31	204
32	738
32	762
33	429
35	101
35	720
36	60
36	781
37	145
39	72
40	553
41	8
41	338
41	506
41	656
42	379
42	621
42	780
43	615
44	407
45	498
45	654
46	294
47	401
47	457
47	693
47	758
48	520
48	782
49	99
49	374
49	376
49	690
53	141
53	239
54	33
54	651
56	674
56	687
57	325
57	459
58	296
59	646
60	184
60	363
61	440
61	741
62	479
62	715
66	69
66	659
67	351
70	293
70	544
70	659
71	799
74	770
75	336
76	328
78	494
78	509
80	313
80	551
80	704
81	272
82	586
82	636
83	625
83	634
83	679
83	725
85	267
86	305
86	680
86	746
87	519
89	436
89	529
89	633
91	596
92	42
92	573
93	210
93	439
94	175
94	434
94	724
95	50
95	430
95	576
96	73
96	400
97	267
97	598
98	90
98	93
99	496
99	640
99	725
102	268
102	565
103	130
103	287
105	628
106	164
106	316
106	399
108	376
109	69
109	285
109	413
110	290
110	569
110	657
111	95
111	751
112	419
114	711
115	58
115	565
116	46
116	187
116	430
116	714
117	178
117	394
117	759
118	406
118	528
118	594
119	253
121	775
122	557
122	604
122	745
123	312
124	788
125	28
125	40
125	418
125	449
125	745
127	556
127	722
129	775
130	659
131	321
132	288
132	529
133	505
134	430
134	629
136	6
136	531
136	675
137	493
138	413
138	720
140	131
140	454
140	564
140	603
143	672
144	20
144	299
144	593
146	218
146	773
147	203
148	666
151	597
152	263
152	411
152	435
152	452
153	378
153	392
154	643
155	385
156	498
157	86
157	308
157	421
157	477
157	545
159	453
159	719
160	198
161	427
163	548
164	778
165	252
165	394
166	634
167	493
167	797
170	383
170	476
172	578
173	167
173	656
174	685
175	334
175	362
175	753
176	484
176	588
176	665
176	731
178	87
179	662
180	282
180	417
180	437
180	596
183	308
184	748
185	255
185	375
186	100
186	463
187	270
187	600
188	93
188	129
188	796
189	443
189	789
190	102
190	509
191	359
191	706
192	542
193	104
195	247
196	365
196	617
198	795
199	201
199	313
199	535
200	31
200	194
201	551
202	83
203	196
203	640
203	670
205	352
205	384
205	466
205	727
205	733
207	368
207	630
208	290
208	656
209	449
210	287
210	641
211	55
212	600
213	34
213	97
213	206
213	365
213	535
214	198
214	463
215	716
215	768
218	83
218	676
219	374
219	740
220	196
220	614
222	33
222	409
223	166
223	217
223	518
224	318
224	701
224	717
224	750
225	243
226	694
227	313
227	511
228	65
228	242
229	382
230	185
230	612
231	284
232	409
232	579
232	617
233	490
234	102
235	782
236	671
237	59
237	175
238	401
238	434
239	20
239	252
239	280
239	408
239	635
240	136
240	769
242	362
243	7
243	109
243	174
243	576
244	127
244	130
244	235
244	511
244	748
245	212
245	241
245	427
245	781
247	425
248	340
249	434
252	230
253	623
255	23
255	501
256	243
257	509
257	521
258	769
259	421
259	435
261	177
261	211
261	359
262	357
262	487
262	715
263	13
263	562
263	597
263	674
263	687
265	147
266	8
266	336
266	507
267	46
267	187
267	265
267	689
267	691
269	179
269	222
270	20
270	132
270	265
270	279
270	455
271	539
271	621
272	538
273	504
273	643
274	233
274	334
274	654
274	720
274	750
275	144
275	300
275	632
276	561
277	30
277	523
278	733
281	73
281	419
282	361
283	80
284	14
284	39
284	429
285	407
285	604
285	625
287	284
288	413
288	717
289	292
289	592
289	677
290	272
290	466
291	44
291	706
292	655
293	66
293	501
293	529
295	118
295	421
295	434
295	686
296	183
296	787
297	738
297	763
298	263
299	152
299	546
299	561
300	311
301	549
302	197
302	338
303	698
303	779
304	86
304	757
305	65
305	182
306	203
309	77
309	83
309	196
309	747
310	629
311	274
312	123
312	244
312	296
313	725
318	590
319	55
319	742
320	75
320	117
321	316
321	402
321	423
323	178
324	538
324	588
324	787
325	192
325	507
325	576
325	646
327	36
327	57
328	459
330	4
330	154
330	435
331	538
332	552
333	114
333	423
333	638
334	56
334	435
335	241
336	121
337	211
338	101
338	169
338	410
338	452
339	45
339	735
340	404
340	604
341	655
342	727
342	733
343	485
343	780
344	336
344	589
344	664
345	234
345	409
346	679
346	775
347	218
348	40
348	443
348	632
349	53
350	563
350	733
352	340
355	426
355	739
357	496
357	681
358	91
358	610
360	604
361	198
361	663
362	140
362	221
362	440
362	522
363	392
363	776
364	139
365	646
366	251
366	439
366	791
367	723
368	31
368	65
368	334
370	325
370	599
371	92
371	167
371	362
371	510
372	592
372	594
373	591
375	439
375	521
376	152
376	589
377	176
378	66
379	532
380	142
380	303
381	237
382	167
382	470
383	243
383	523
383	770
384	62
384	404
384	468
384	498
384	707
384	735
385	234
385	562
385	778
386	607
387	535
388	186
388	751
389	519
390	40
390	283
390	335
391	210
392	286
392	485
392	756
393	280
397	106
397	535
398	71
398	289
398	401
398	476
399	487
399	783
401	773
402	427
402	650
402	776
403	134
403	586
403	690
404	58
404	194
404	695
405	97
407	311
408	199
408	202
408	294
410	269
410	782
411	702
412	463
412	481
412	493
414	121
414	481
414	597
415	28
415	436
415	683
416	28
416	35
416	66
418	659
419	351
420	21
421	636
423	193
423	646
425	112
425	132
425	522
426	254
426	457
427	216
427	642
428	219
428	327
428	603
430	232
430	356
430	413
430	544
431	392
431	537
431	562
434	791
435	162
435	571
435	646
436	130
436	260
437	660
440	634
440	785
441	225
441	310
442	392
444	43
444	81
445	151
447	385
448	272
448	754
449	268
450	206
451	389
451	537
453	636
454	105
454	206
454	680
455	119
457	132
457	707
459	144
459	715
460	164
461	129
461	260
461	731
462	520
462	637
462	674
462	675
463	77
463	122
463	658
463	685
464	57
464	689
465	319
465	677
465	739
465	780
466	196
466	492
466	709
467	422
467	691
468	200
468	277
468	389
468	573
468	591
469	422
469	647
473	56
473	339
473	446
473	611
474	110
474	202
474	350
475	187
475	273
475	344
475	455
476	464
477	256
477	521
478	326
478	595
479	482
480	35
480	89
481	494
481	552
481	597
481	605
482	429
483	459
483	751
484	155
485	11
485	575
485	705
485	786
487	468
487	799
488	509
489	278
489	674
491	95
492	489
492	746
493	597
494	546
495	115
495	461
495	750
497	364
497	797
499	281
499	549
500	266
500	267
500	752
502	121
502	211
502	515
502	780
505	216
505	429
506	419
506	591
506	778
507	566
508	143
511	531
511	602
512	11
512	232
513	80
513	698
515	569
516	611
520	113
520	502
520	708
520	744
520	755
522	77
522	122
522	153
522	167
523	610
524	247
525	354
526	690
528	83
528	549
528	755
529	348
529	713
530	632
533	219
533	544
534	502
536	269
536	300
537	656
539	633
540	682
541	247
541	321
541	739
542	330
542	696
544	260
545	119
545	614
547	64
547	160
548	455
549	232
549	505
549	526
550	97
550	412
550	601
550	788
551	691
552	86
552	165
552	636
553	493
554	361
554	394
554	585
555	80
557	271
558	85
558	491
559	696
560	323
560	339
562	95
563	162
563	172
563	479
563	731
564	466
565	185
565	254
566	177
566	783
567	631
568	192
568	718
569	160
569	284
569	542
570	696
571	177
571	701
572	564
573	115
574	4
574	91
575	608
576	60
576	183
579	642
580	284
580	437
581	586
582	548
583	261
584	119
584	449
586	478
587	394
588	380
588	509
588	587
589	465
591	610
593	217
595	188
595	219
596	157
596	347
598	27
598	261
598	574
598	610
599	597
601	450
603	659
603	724
604	87
604	380
604	535
604	584
604	716
605	607
605	787
606	215
606	446
607	26
607	701
608	557
610	170
610	388
610	404
610	748
611	5
612	220
612	440
613	175
613	276
614	274
614	284
616	755
619	350
620	544
620	723
621	4
621	218
621	274
621	686
622	575
623	93
623	614
623	746
624	16
624	203
624	587
625	139
625	438
625	697
626	630
627	527
628	344
628	652
629	300
630	6
630	327
630	577
632	361
633	2
633	257
633	445
633	615
634	116
637	559
637	619
639	356
639	511
640	342
640	349
640	427
640	550
642	685
643	16
643	522
643	525
643	735
644	463
644	797
645	69
645	790
646	309
649	31
651	24
651	192
651	207
653	250
654	674
656	62
656	358
656	528
657	121
657	385
657	400
657	483
660	294
660	791
661	283
661	305
661	539
661	541
661	558
661	757
661	774
662	717
663	160
663	204
663	271
663	584
664	242
664	611
664	772
664	788
665	771
667	309
668	114
668	235
668	262
671	136
671	353
671	695
672	265
672	766
674	131
675	582
675	647
676	65
677	70
677	227
677	381
677	595
678	260
678	264
679	167
679	235
680	135
680	266
680	679
681	167
681	726
682	58
682	769
683	209
684	768
686	326
687	311
687	510
688	439
689	134
689	626
689	663
693	510
693	618
693	677
695	402
698	442
699	449
700	412
700	636
701	101
701	180
701	504
701	720
702	327
703	365
704	1
704	46
704	187
704	515
704	547
705	154
705	286
706	117
706	602
706	690
709	83
709	279
710	338
710	520
710	612
710	637
710	785
711	150
713	251
713	341
713	358
714	105
714	175
714	761
715	669
717	144
718	68
721	390
722	139
722	150
722	699
724	78
726	586
727	535
727	602
731	107
731	123
731	318
733	796
734	775
735	437
735	500
735	515
736	181
736	564
736	670
736	777
740	636
743	711
744	417
744	701
745	170
745	236
745	728
748	103
748	705
749	670
749	684
750	424
751	488
752	27
752	210
753	151
753	525
753	573
753	585
753	735
753	742
754	745
755	744
756	11
756	651
757	761
758	629
759	610
759	639
761	3
761	392
761	760
762	52
762	177
763	52
763	488
764	68
765	148
766	480
767	639
770	575
770	756
771	243
773	40
779	2
779	232
781	686
784	409
785	182
786	168
786	387
787	355
787	505
787	774
788	260
788	535
788	675
788	681
789	594
790	0
790	131
791	410
793	51
793	406
794	536
795	253
797	188
797	688
798	434
798	617
799	49
-----------
0	169
1	505
2	366
3	124
3	607
4	771
5	575
5	711
6	130
7	195
7	661
8	232
9	256
9	334
11	322
11	402
11	617
12	553
12	573
15	263
15	535
15	680
16	478
16	505
17	663
19	788
20	207
20	669
22	242
23	159
23	394
23	705
24	307
24	487
24	659
24	783
25	40
27	39
27	351
28	27
28	198
28	226
28	663
28	688
29	361
29	481
31	71
31	93
31	562
32	738
32	762
33	429
35	101
35	720
36	434
36	781
37	13
39	72
40	777
41	8
41	11
41	506
41	775
42	379
42	621
42	799
43	615
44	407
45	498
45	654
46	715
47	401
47	457
47	590
47	758
48	165
48	750
49	99
49	319
49	358
49	376
53	167
53	273
54	33
54	651
56	674
56	687
57	325
57	576
58	69
59	788
60	184
60	705
61	440
61	741
62	435
62	520
66	659
66	670
67	351
70	293
70	436
70	515
71	641
74	770
75	336
76	185
78	430
78	509
80	551
80	586
80	704
81	272
82	413
82	446
83	625
83	679
83	725
83	746
85	267
86	305
86	565
86	746
87	519
89	436
89	529
89	604
91	596
92	42
92	573
93	434
93	439
94	175
94	569
94	724
95	50
95	430
95	706
96	421
96	476
97	267
97	598
98	90
98	93
99	466
99	640
99	725
102	268
102	480
103	287
103	691
105	91
106	164
106	316
106	399
108	376
109	56
109	285
109	413
110	192
110	569
110	657
111	677
111	751
112	271
114	124
115	350
115	680
116	121
116	140
116	187
116	676
117	178
117	394
117	759
118	6
118	192
118	217
119	253
121	339
122	119
122	539
122	604
123	797
124	600
125	40
125	418
125	449
125	745
125	787
127	745
127	780
129	735
130	659
131	321
132	288
132	529
133	177
134	430
134	696
136	243
136	284
136	675
137	407
138	413
138	720
140	454
140	564
140	603
140	717
143	234
144	20
144	299
144	593
146	198
146	773
147	203
148	172
151	279
152	263
152	411
152	435
152	452
153	615
153	656
154	643
155	385
156	498
157	86
157	421
157	477
157	545
157	549
159	453
159	719
160	35
161	16
163	493
164	654
165	141
165	310
166	280
167	254
167	312
170	383
170	388
172	578
173	464
173	585
174	685
175	202
175	362
175	753
176	313
176	588
176	665
176	731
178	507
179	662
180	162
180	282
180	283
180	614
183	308
184	115
185	40
185	255
186	100
186	629
187	270
187	600
188	129
188	663
188	796
189	192
189	789
190	102
190	509
191	64
191	359
192	280
193	104
195	167
196	365
196	509
198	795
199	201
199	535
199	541
200	103
200	194
201	551
202	83
203	196
203	632
203	670
205	109
205	323
205	511
205	618
205	733
207	439
207	689
208	290
208	656
209	449
210	287
210	518
211	489
212	600
213	34
213	97
213	206
213	365
213	535
214	463
214	748
215	716
215	768
218	83
218	787
219	374
219	740
220	118
220	196
222	33
222	409
223	57
223	217
223	799
224	119
224	121
224	318
224	341
225	28
226	479
227	114
227	484
228	199
228	242
229	429
230	160
230	612
231	284
232	409
232	579
232	663
233	490
234	102
235	782
236	671
237	219
237	272
238	274
238	450
239	20
239	92
239	252
239	309
239	408
240	136
240	769
242	362
243	7
243	144
243	174
243	576
244	235
244	336
244	511
244	602
244	717
245	212
245	296
245	363
245	780
247	425
248	340
249	60
252	230
253	623
255	23
255	501
256	243
257	521
257	726
258	769
259	421
259	694
261	177
261	211
261	359
262	532
262	550
262	709
263	182
263	562
263	589
263	674
263	687
265	147
266	123
266	127
266	589
267	2
267	46
267	265
267	311
267	689
269	630
269	780
270	20
270	455
270	587
270	596
270	597
271	200
271	439
272	538
273	504
273	643
274	233
274	559
274	685
274	720
274	750
275	151
275	384
275	586
276	561
277	413
277	523
278	733
281	73
281	131
282	361
283	80
284	167
284	434
284	548
285	493
285	604
285	625
287	284
288	300
288	419
289	525
289	592
289	677
290	177
290	466
291	44
291	57
292	655
293	66
293	501
293	529
295	400
295	434
295	437
295	769
296	183
296	210
297	338
297	738
298	257
299	335
299	546
299	561
300	547
301	549
302	197
302	338
303	698
303	779
304	155
304	757
305	182
305	412
306	203
309	17
309	77
309	196
309	747
310	629
311	65
312	123
312	244
312	296
313	621
318	693
319	55
319	742
320	75
320	117
321	316
321	402
321	423
323	178
324	538
324	744
324	790
325	193
325	605
325	635
325	646
327	36
327	706
328	203
330	154
330	247
330	419
331	479
332	552
333	252
333	423
333	638
334	56
334	435
335	241
336	494
337	610
338	375
338	410
338	452
338	487
339	45
339	294
340	194
340	604
341	655
342	183
342	727
343	160
343	427
344	336
344	664
344	696
345	409
345	672
346	679
346	775
347	321
348	40
348	80
348	443
349	53
350	274
350	733
352	380
355	739
355	755
357	496
357	791
358	380
358	610
360	633
361	356
361	617
362	221
362	440
362	522
362	714
363	392
363	437
364	139
365	646
366	135
366	251
366	725
367	723
368	31
368	334
368	339
370	573
370	782
371	167
371	362
371	542
371	690
372	110
372	594
373	591
375	439
375	521
376	152
376	507
377	556
378	66
379	357
380	142
380	303
381	772
382	39
382	470
383	121
383	523
383	770
384	62
384	404
384	468
384	498
384	528
384	707
385	234
385	562
385	778
386	607
387	535
388	186
388	751
389	519
390	152
390	222
390	679
391	243
392	105
392	284
392	392
393	241
397	106
397	535
398	71
398	401
398	476
398	636
399	487
399	783
401	773
402	69
402	650
402	652
403	134
403	313
403	690
404	58
404	404
404	695
405	97
407	311
408	65
408	144
408	334
410	269
410	449
411	702
412	352
412	463
412	481
414	243
414	481
414	766
415	28
415	683
415	756
416	28
416	35
416	66
418	659
419	199
420	21
421	289
423	193
423	646
425	112
425	132
425	522
426	254
426	457
427	642
427	761
428	175
428	327
428	603
430	30
430	232
430	356
430	544
431	83
431	204
431	537
434	696
435	632
435	647
435	776
436	86
436	260
437	1
440	455
440	785
441	114
441	225
442	392
444	43
444	81
445	492
447	385
448	666
448	754
449	268
450	745
451	251
451	537
453	235
454	206
454	286
454	680
455	584
457	274
457	707
459	144
459	715
460	164
461	129
461	260
461	731
462	263
462	520
462	637
462	674
463	77
463	122
463	176
463	658
464	166
464	496
465	527
465	690
465	739
465	780
466	196
466	294
466	614
467	130
467	422
468	277
468	389
468	573
468	602
468	614
469	422
469	646
473	446
473	557
473	611
473	636
474	58
474	202
474	592
475	216
475	265
475	404
475	608
476	167
477	521
477	593
478	599
478	776
479	482
480	89
480	198
481	31
481	494
481	552
481	597
482	26
483	459
483	751
484	130
485	443
485	575
485	610
485	786
487	468
487	685
488	617
489	266
489	674
491	449
492	55
492	746
493	463
494	69
495	577
495	629
495	748
497	364
497	797
499	281
499	549
500	266
500	313
500	752
502	179
502	211
502	515
502	750
505	634
505	701
506	354
506	504
506	591
507	557
508	788
511	531
511	727
512	232
512	505
513	80
513	698
515	210
516	611
520	49
520	502
520	588
520	595
520	708
522	77
522	122
522	247
522	368
523	767
524	675
525	778
526	204
528	349
528	387
528	426
529	348
529	595
530	640
533	219
533	544
534	502
536	269
536	300
537	656
539	633
540	682
541	218
541	247
541	739
542	326
542	639
544	87
545	119
545	632
547	485
547	576
548	455
549	232
549	526
549	538
550	143
550	412
550	427
550	601
551	691
552	86
552	597
552	651
553	566
554	361
554	394
554	656
555	162
557	271
558	85
558	659
559	791
560	65
560	591
562	493
563	95
563	417
563	731
563	745
564	466
565	132
565	328
566	11
566	783
567	755
568	705
568	718
569	185
569	406
569	542
570	145
571	272
571	778
572	564
573	115
574	4
574	91
575	83
576	60
576	681
579	642
580	419
580	437
581	586
582	327
583	261
584	406
584	782
586	229
587	634
588	340
588	509
588	587
589	465
591	610
593	286
595	713
595	735
596	157
596	347
598	211
598	261
598	574
598	610
599	463
601	401
603	491
603	724
604	87
604	429
604	535
604	628
604	716
605	46
605	607
606	215
606	636
607	382
607	701
608	417
610	73
610	75
610	170
610	187
611	5
612	220
612	440
613	175
613	276
614	132
614	755
616	485
619	350
620	325
620	723
621	4
621	218
621	563
621	686
622	459
623	93
623	634
623	722
624	260
624	344
624	459
625	139
625	167
625	438
626	630
627	95
628	139
628	344
629	300
630	6
630	101
630	327
632	361
633	2
633	278
633	378
633	435
634	116
637	619
637	701
639	153
639	218
640	157
640	342
640	392
640	427
642	775
643	16
643	522
643	525
643	735
644	597
644	797
645	546
645	787
646	290
649	237
651	24
651	594
651	656
653	250
654	674
656	62
656	358
656	686
657	121
657	385
657	400
657	483
660	294
660	733
661	267
661	305
661	410
661	493
661	558
661	565
661	774
662	717
663	160
663	584
663	660
663	690
664	87
664	242
664	611
664	646
665	771
667	309
668	235
668	262
668	511
671	58
671	353
671	695
672	265
672	597
674	131
675	478
675	582
676	434
677	70
677	227
677	381
677	631
678	264
678	427
679	239
679	544
680	283
680	445
680	711
681	509
681	697
682	136
682	528
683	209
684	768
686	639
687	311
687	510
688	394
689	134
689	564
689	594
693	95
693	510
693	677
695	402
698	761
699	59
700	65
700	636
701	101
701	180
701	284
701	720
702	308
703	365
704	4
704	46
704	187
704	442
704	515
705	154
705	219
706	117
706	510
706	602
709	83
709	279
710	338
710	520
710	612
710	637
710	785
711	150
713	374
713	389
713	526
714	175
714	292
714	691
715	210
717	9
718	68
721	390
722	150
722	443
722	699
724	78
726	586
727	655
727	748
731	8
731	107
731	318
733	796
734	775
735	188
735	260
735	500
736	69
736	181
736	262
736	626
740	52
743	791
744	701
744	781
745	170
745	236
745	728
748	31
748	571
749	670
749	684
750	424
751	488
752	27
752	647
753	105
753	151
753	544
753	585
753	735
753	742
754	206
755	744
756	11
756	636
757	216
758	461
759	330
759	763
761	3
761	392
761	760
762	177
762	636
763	52
763	488
764	68
765	148
766	548
767	326
770	575
770	756
771	531
773	188
779	187
779	715
781	686
784	409
785	597
786	168
786	429
787	355
787	505
787	774
788	260
788	535
788	675
788	681
789	93
790	0
790	131
791	757
793	51
793	539
794	536
795	253
797	97
797	188
798	14
798	617
799	113
-----------
