0	36
0	145
1	632
2	289
3	266
3	759
4	145
4	437
4	756
5	240
5	714
8	438
8	691
9	225
10	237
12	129
14	167
14	501
14	522
14	603
16	92
16	141
16	736
18	220
18	577
19	84
19	763
21	104
21	514
22	324
23	401
23	471
24	263
24	570
24	632
24	666
25	308
25	784
26	195
26	279
26	318
27	754
28	531
28	625
28	669
29	792
30	393
31	88
31	432
34	232
34	248
36	657
38	337
39	263
39	594
40	120
40	702
41	535
44	231
46	131
46	552
46	668
47	416
49	530
52	87
53	496
55	46
55	167
55	203
55	249
57	236
57	544
58	281
59	33
60	40
60	76
60	264
60	643
63	783
64	86
65	635
67	285
67	461
69	137
69	796
70	405
70	475
70	499
70	692
70	773
72	141
72	150
72	199
72	212
73	659
74	544
74	580
74	681
75	262
76	498
76	702
77	134
77	609
78	314
78	347
78	429
79	90
79	316
80	93
80	318
81	638
82	161
82	517
83	760
84	198
84	421
85	566
85	677
86	74
86	587
86	794
87	80
87	382
88	115
88	655
89	713
91	378
91	798
92	517
93	213
95	549
96	148
96	514
96	692
98	325
98	476
100	188
100	640
100	750
101	196
101	404
101	726
102	82
104	678
105	152
105	266
105	423
106	200
107	661
109	106
111	100
112	661
113	43
113	392
113	660
114	376
114	736
115	720
116	285
116	780
117	646
118	135
118	163
119	350
120	629
122	485
123	108
123	291
124	672
125	194
126	493
126	726
127	184
127	273
127	281
127	349
128	191
128	317
129	378
129	610
129	619
129	710
130	145
130	171
130	414
130	605
130	683
131	131
131	140
131	145
132	331
132	728
133	45
133	151
133	470
134	249
135	19
135	61
135	203
135	350
135	784
136	346
136	563
136	731
137	372
137	379
137	620
137	776
138	269
139	367
139	473
141	208
141	421
142	231
142	395
142	697
143	101
143	133
143	541
144	210
144	462
145	508
145	699
146	500
146	687
149	294
150	48
151	318
152	472
152	605
153	20
153	434
156	327
157	58
157	64
157	439
158	49
158	670
159	66
159	683
161	590
162	216
162	513
165	412
166	162
167	668
168	246
168	356
168	486
169	331
170	279
170	748
170	757
171	12
171	245
171	577
172	484
173	488
174	135
175	103
179	89
180	706
181	519
182	64
182	235
183	7
183	153
184	430
185	433
186	6
186	681
187	616
188	174
188	393
188	707
188	730
189	55
189	603
190	418
190	600
192	14
192	485
193	273
193	460
195	621
196	591
197	440
197	771
199	421
199	687
200	57
201	6
201	495
202	222
202	496
203	71
203	206
203	755
204	133
204	557
205	533
205	728
207	213
207	445
207	703
208	199
208	544
209	294
209	635
210	55
210	118
210	188
210	237
210	292
211	61
213	767
214	321
214	536
214	583
214	730
215	401
215	610
217	465
219	145
219	497
220	631
221	8
221	362
224	337
225	208
225	702
226	104
226	685
227	373
227	592
228	98
228	101
229	104
229	680
230	97
231	249
232	767
233	228
233	765
234	162
234	483
235	200
235	491
235	676
236	99
236	180
236	631
236	731
237	476
237	580
237	679
237	798
238	617
239	404
241	138
241	447
242	727
243	33
245	243
245	474
246	186
246	408
248	480
249	43
249	170
249	390
249	792
250	292
252	548
252	799
253	503
254	1
254	482
255	550
258	16
259	138
259	253
259	454
260	164
260	631
261	174
261	178
261	442
261	496
262	64
262	712
263	480
263	691
264	206
264	759
265	75
265	166
265	236
265	349
266	366
266	717
267	196
268	91
268	283
268	356
268	561
268	730
270	231
270	445
270	545
271	481
272	239
272	296
272	379
272	385
273	215
273	494
274	173
274	337
274	457
275	677
276	632
276	672
277	180
278	17
278	437
278	574
279	143
282	288
283	549
283	580
284	15
284	372
286	593
286	784
287	25
287	633
288	14
290	58
290	127
290	188
290	370
291	631
292	518
292	565
292	738
294	277
295	727
297	702
298	435
300	58
301	641
302	97
306	36
306	548
306	599
307	71
308	92
308	125
308	393
308	660
309	66
309	190
309	316
309	770
310	390
311	76
311	526
312	25
312	404
312	486
313	519
314	16
314	125
315	469
316	461
316	560
320	89
320	766
321	98
321	102
321	451
321	642
322	611
322	789
323	472
323	603
324	537
325	110
325	252
325	589
326	57
326	259
326	467
329	166
329	175
329	769
330	138
332	296
332	369
333	159
333	182
334	408
336	57
336	299
336	304
336	346
337	435
337	560
339	556
340	88
340	108
340	229
341	277
341	415
341	594
342	474
343	217
343	229
343	537
344	52
344	707
346	581
347	779
349	216
349	262
349	478
351	763
353	341
353	591
353	695
354	222
354	223
356	406
356	666
356	715
358	652
359	9
359	18
360	364
360	478
360	492
361	422
362	178
363	103
363	622
363	757
364	78
364	102
364	255
364	510
364	755
365	532
365	672
366	22
367	311
367	364
368	26
368	332
369	187
370	141
374	94
374	686
375	33
376	336
378	323
378	517
378	661
378	764
379	44
379	358
379	799
380	35
380	38
380	172
383	298
383	659
384	51
384	588
385	52
385	94
386	76
386	255
389	592
390	76
390	549
391	177
392	512
393	26
393	218
393	273
398	642
399	198
399	446
400	104
400	237
400	682
401	120
402	305
402	342
403	155
403	295
403	553
404	43
404	651
405	604
406	159
408	65
408	218
408	775
409	4
409	46
409	620
409	799
410	69
411	207
411	715
412	27
412	605
413	340
413	408
413	721
414	380
414	406
414	478
415	68
415	583
416	167
417	237
417	297
417	717
418	355
420	516
421	96
421	191
421	473
422	605
422	665
423	749
424	443
425	108
425	660
425	664
425	667
425	722
425	748
426	777
428	169
428	566
429	13
430	75
430	337
430	719
431	480
431	609
433	399
434	539
435	246
435	466
435	624
435	781
436	550
437	520
437	726
438	224
438	259
439	379
439	421
440	216
440	365
440	728
441	318
441	366
441	778
442	256
443	752
444	797
445	644
447	143
447	350
447	500
447	663
448	313
449	375
449	403
450	165
450	492
450	525
450	583
451	347
452	502
453	70
453	287
453	465
454	318
454	563
454	743
455	539
455	729
456	370
456	637
456	726
457	238
458	584
458	668
460	365
460	608
461	503
462	427
463	796
465	359
465	499
465	676
466	768
467	544
467	790
471	33
471	313
472	593
472	700
473	146
474	413
475	24
475	241
476	532
478	242
478	623
479	181
479	665
480	24
480	487
482	178
483	498
483	605
483	642
484	25
484	160
484	166
484	503
485	200
485	329
485	386
486	392
487	166
487	224
487	771
488	791
490	297
490	330
490	623
492	102
492	767
493	349
493	660
495	4
497	779
498	228
500	217
500	777
501	407
501	705
502	136
503	588
504	306
504	440
504	616
505	349
505	710
506	218
506	650
506	676
506	759
507	78
507	608
507	776
508	556
509	460
509	482
509	541
509	732
511	258
512	275
513	174
514	609
514	650
514	763
515	58
516	273
516	644
517	85
517	370
517	425
519	586
520	40
520	65
521	660
521	662
522	114
522	342
522	784
523	21
523	652
524	276
525	83
525	117
526	360
526	469
528	664
530	505
531	42
531	196
531	544
532	103
533	236
533	378
534	2
534	121
534	186
534	401
535	173
538	109
538	439
538	570
539	16
539	585
539	631
540	414
541	196
541	556
541	625
541	740
542	753
543	507
544	587
545	257
545	717
546	402
546	753
548	49
549	137
549	245
551	596
553	371
553	425
553	753
555	111
555	362
557	500
559	96
559	326
559	711
560	79
560	117
560	627
560	737
561	48
561	366
562	21
562	325
562	734
563	240
563	245
564	16
564	644
565	19
565	312
566	71
566	315
566	676
568	132
568	200
569	19
570	194
571	746
571	797
572	426
572	479
573	312
573	417
573	634
574	140
574	247
575	35
577	108
577	611
578	105
580	419
582	132
582	357
582	589
583	159
583	286
583	416
583	532
584	357
586	446
587	507
587	723
588	272
588	675
589	150
590	526
591	219
591	536
592	472
594	642
594	692
596	72
598	578
598	590
599	116
599	448
600	452
600	540
601	723
602	251
603	296
603	705
604	260
605	22
605	100
605	632
605	729
606	537
606	570
608	15
609	553
610	44
610	675
612	176
612	622
613	249
613	430
614	451
615	450
616	167
616	302
616	415
618	43
618	44
618	657
619	186
619	433
619	483
622	30
623	426
624	568
625	130
625	569
626	40
626	528
627	266
627	316
628	330
628	524
629	611
630	75
630	210
631	1
631	168
631	435
632	8
633	85
633	191
633	467
633	484
633	713
633	724
634	23
636	298
638	438
638	532
640	512
641	341
641	777
642	39
642	331
642	451
643	619
643	761
644	132
644	619
645	662
646	43
646	452
647	180
647	564
648	649
650	280
651	144
652	638
653	300
653	485
654	216
654	280
654	663
655	197
655	208
656	792
657	419
657	760
660	24
662	418
663	263
664	20
665	389
665	391
665	434
665	542
666	640
667	156
667	191
667	394
668	138
668	362
668	481
669	221
670	136
670	763
673	483
673	594
675	320
675	686
676	616
677	381
678	50
679	721
681	11
681	564
681	589
682	250
682	280
682	560
682	572
682	604
683	100
683	208
684	258
684	289
685	171
685	638
685	706
686	143
686	188
686	199
687	325
687	347
688	127
688	130
688	685
690	614
690	687
690	791
691	266
691	615
694	384
694	398
694	514
694	751
695	329
695	665
696	285
697	47
698	74
698	214
699	146
700	81
700	714
701	300
701	536
701	716
702	198
705	262
705	606
706	304
706	411
706	542
707	514
708	182
708	426
709	392
712	543
713	589
714	31
714	333
714	768
716	24
716	269
716	270
716	602
717	102
718	194
724	566
725	443
726	210
726	417
727	80
728	61
728	539
729	584
730	22
730	125
730	159
730	524
732	313
732	588
733	26
733	49
733	107
733	613
734	74
734	89
734	514
735	322
736	624
737	541
738	27
738	375
738	653
739	718
739	730
740	432
742	34
742	54
742	233
743	109
744	708
746	110
746	230
746	380
746	523
746	733
749	401
749	767
750	645
750	735
751	51
751	738
752	175
752	242
752	692
754	155
754	373
757	145
758	697
761	283
765	84
765	197
766	519
768	437
769	147
769	520
770	262
771	149
772	18
772	83
772	173
774	793
775	207
775	276
775	601
776	162
777	569
778	757
779	404
780	214
782	128
783	269
784	225
784	359
784	707
785	105
786	140
786	580
787	415
787	629
788	323
788	525
789	263
789	620
790	188
791	80
791	325
791	455
791	558
791	657
792	426
793	97
793	496
793	667
796	411
796	660
797	48
797	93
797	419
797	633
797	733
799	45
799	165
799	480
-----------
0	36
0	145
1	632
2	289
3	266
3	759
4	145
4	437
4	756
5	516
5	714
8	87
8	285
9	225
10	237
12	129
14	167
14	501
14	522
14	603
16	92
16	141
16	736
18	186
18	577
19	84
19	485
21	104
21	514
22	796
23	200
23	471
24	263
24	570
24	632
24	666
25	308
25	584
26	195
26	279
26	318
27	370
28	531
28	625
28	669
29	245
30	393
31	55
31	366
34	18
34	248
36	657
38	337
39	108
39	295
40	120
40	702
41	535
44	231
46	131
46	552
46	668
47	146
49	530
52	438
53	736
55	46
55	47
55	167
55	249
57	236
57	544
58	281
59	33
60	40
60	76
60	264
60	643
63	783
64	86
65	635
67	285
67	461
69	137
69	796
70	405
70	499
70	686
70	692
70	773
72	141
72	199
72	212
72	408
73	659
74	544
74	580
74	681
75	262
76	498
76	702
77	134
77	609
78	331
78	429
78	446
79	90
79	316
80	93
80	318
81	638
82	517
82	591
83	760
84	726
84	730
85	566
85	677
86	74
86	587
86	794
87	80
87	728
88	443
88	655
89	713
91	378
91	798
92	517
93	615
95	549
96	128
96	148
96	514
98	325
98	476
100	188
100	313
100	750
101	196
101	488
101	726
102	82
104	678
105	152
105	231
105	423
106	108
107	661
109	106
111	100
112	661
113	43
113	392
113	660
114	376
114	496
115	720
116	596
116	780
117	646
118	135
118	163
119	558
120	629
122	58
123	108
123	291
124	14
125	194
126	493
126	726
127	184
127	281
127	298
127	349
128	173
128	191
129	378
129	610
129	619
129	710
130	145
130	171
130	273
130	414
130	605
131	131
131	140
131	145
132	18
132	347
133	151
133	238
133	470
134	249
135	19
135	61
135	350
135	743
135	784
136	247
136	346
136	563
137	71
137	372
137	620
137	776
138	269
139	367
139	485
141	208
141	421
142	266
142	395
142	697
143	101
143	451
143	541
144	210
144	462
145	508
145	699
146	500
146	687
149	294
150	48
151	480
152	472
152	605
153	20
153	434
156	327
157	58
157	64
157	439
158	49
158	608
159	66
159	683
161	590
162	143
162	242
165	412
166	162
167	668
168	246
168	356
168	486
169	104
170	279
170	748
170	757
171	245
171	589
171	641
172	484
173	404
174	330
175	103
179	89
180	706
181	519
182	64
182	298
183	7
183	153
184	430
185	445
186	6
186	681
187	616
188	174
188	393
188	421
188	707
189	55
189	603
190	418
190	600
192	485
192	672
193	57
193	273
195	621
196	591
197	440
197	771
199	421
199	687
200	57
201	6
201	784
202	243
202	496
203	71
203	206
203	755
204	133
204	557
205	382
205	483
207	213
207	445
207	703
208	199
208	544
209	294
209	635
210	188
210	237
210	292
210	432
210	730
211	61
213	767
214	225
214	536
214	583
214	730
215	401
215	610
217	31
219	145
219	437
220	631
221	166
221	362
224	435
225	208
225	702
226	104
226	685
227	26
227	592
228	302
228	419
229	104
229	680
230	97
231	173
232	599
233	434
233	765
234	421
234	533
235	401
235	491
235	676
236	180
236	416
236	631
236	731
237	476
237	580
237	679
237	798
238	617
239	404
241	138
241	447
242	727
243	616
245	222
245	474
246	150
246	220
248	480
249	43
249	170
249	390
249	569
250	771
252	548
252	799
253	242
254	1
254	482
255	550
258	16
259	138
259	454
259	714
260	394
260	416
261	174
261	178
261	442
261	496
262	188
262	712
263	160
263	691
264	206
264	759
265	75
265	166
265	236
265	349
266	366
266	717
267	196
268	97
268	118
268	283
268	356
268	549
270	135
270	545
270	660
271	481
272	89
272	296
272	379
272	419
273	215
273	494
274	150
274	317
274	337
275	677
276	15
276	672
277	542
278	17
278	497
278	574
279	143
282	288
283	549
283	580
284	372
284	632
286	593
286	784
287	633
287	708
288	14
290	58
290	127
290	188
290	370
291	631
292	229
292	359
292	427
294	277
295	727
297	702
298	337
300	763
301	12
302	97
306	36
306	715
306	738
307	418
308	125
308	318
308	393
308	692
309	66
309	190
309	316
309	450
310	390
311	76
311	526
312	25
312	404
312	486
313	519
314	125
314	221
315	411
316	560
316	666
320	239
320	675
321	102
321	125
321	133
321	642
322	611
322	789
323	472
323	603
324	732
325	110
325	194
325	252
326	57
326	259
326	467
329	255
329	500
329	769
330	138
332	266
332	433
333	159
333	182
334	408
336	299
336	304
336	346
336	460
337	435
337	792
339	556
340	88
340	108
340	565
341	277
341	415
341	594
342	474
343	229
343	375
343	775
344	52
344	426
346	581
347	359
349	216
349	262
349	478
351	605
353	161
353	341
353	695
354	222
354	223
356	115
356	406
356	767
358	652
359	9
359	232
360	364
360	478
360	492
361	422
362	178
363	103
363	622
363	757
364	78
364	102
364	166
364	510
364	755
365	532
365	672
366	22
367	68
367	311
368	332
368	373
369	187
370	141
374	94
374	475
375	33
376	336
378	235
378	323
378	371
378	764
379	44
379	358
379	799
380	35
380	38
380	172
383	517
383	659
384	51
384	241
385	52
385	94
386	76
386	255
389	81
390	76
390	561
391	272
392	292
393	165
393	218
393	273
398	276
399	198
399	446
400	237
400	379
400	682
401	548
402	305
402	342
403	155
403	594
403	707
404	43
404	651
405	604
406	159
408	65
408	218
408	537
409	4
409	46
409	620
409	799
410	69
411	207
411	715
412	27
412	605
413	340
413	408
413	721
414	380
414	406
414	478
415	107
415	668
416	417
417	237
417	544
417	717
418	355
420	670
421	96
421	191
421	473
422	665
422	763
423	270
424	461
425	487
425	660
425	664
425	667
425	722
425	748
426	777
428	169
428	566
429	13
430	75
430	337
430	719
431	276
431	609
433	399
434	539
435	246
435	466
435	624
435	781
436	550
437	198
437	520
438	224
438	259
439	98
439	331
440	216
440	365
440	728
441	318
441	366
441	778
442	256
443	752
444	797
445	644
447	350
447	500
447	513
447	663
448	313
449	375
449	403
450	165
450	492
450	525
450	536
451	347
452	502
453	70
453	287
453	465
454	203
454	318
454	563
455	539
455	729
456	341
456	370
456	637
457	45
458	26
458	528
460	240
460	365
461	503
462	120
463	48
465	164
465	499
465	676
466	768
467	544
467	790
471	33
471	313
472	593
472	700
473	146
474	413
475	24
475	588
476	532
478	503
478	623
479	83
479	181
480	24
480	200
482	178
483	498
483	605
483	642
484	8
484	25
484	92
484	503
485	200
485	329
485	386
486	392
487	166
487	224
487	512
488	791
490	297
490	330
490	419
492	102
492	767
493	349
493	660
495	4
497	779
498	716
500	217
500	777
501	407
501	705
502	577
503	588
504	16
504	306
504	440
505	349
505	710
506	218
506	676
506	718
506	759
507	78
507	608
507	776
508	280
509	460
509	482
509	537
509	541
511	258
512	275
513	174
514	609
514	650
514	763
515	58
516	273
516	644
517	85
517	425
517	754
519	586
520	40
520	65
521	660
521	662
522	114
522	342
522	784
523	21
523	652
524	642
525	117
525	665
526	360
526	469
528	664
530	505
531	196
531	286
531	297
532	103
533	236
533	378
534	2
534	121
534	186
534	323
535	173
538	109
538	439
538	570
539	585
539	631
539	792
540	414
541	177
541	196
541	625
541	740
542	753
543	507
544	587
545	257
545	717
546	149
546	402
548	49
549	137
549	792
551	132
553	640
553	661
553	753
555	362
555	556
557	175
559	100
559	326
559	542
560	79
560	117
560	602
560	627
561	48
561	88
562	21
562	325
562	734
563	240
563	245
564	16
564	644
565	19
565	312
566	71
566	315
566	676
568	132
568	200
569	19
570	194
571	746
571	797
572	426
572	479
573	167
573	312
573	634
574	140
574	731
575	35
577	263
577	611
578	105
580	101
582	357
582	536
582	589
583	99
583	159
583	320
583	532
584	357
586	314
587	507
587	723
588	556
588	766
589	457
590	364
591	219
591	433
592	472
594	642
594	692
596	72
598	578
598	590
599	116
599	448
600	452
600	540
601	723
602	251
603	296
603	705
604	650
605	22
605	100
605	632
605	729
606	537
606	570
608	15
609	553
610	44
610	675
612	176
612	622
613	249
613	430
614	451
615	770
616	162
616	167
616	415
618	43
618	44
618	657
619	186
619	483
619	583
622	30
623	707
624	568
625	130
625	616
626	40
626	526
627	266
627	316
628	296
628	524
629	611
630	75
630	757
631	1
631	168
631	435
632	8
633	85
633	191
633	467
633	484
633	713
633	724
634	23
636	683
638	379
638	532
640	512
641	726
641	777
642	39
642	331
642	451
643	619
643	761
644	132
644	619
645	110
646	43
646	452
647	180
647	564
648	649
650	280
651	144
652	638
653	300
653	473
654	216
654	280
654	663
655	197
655	208
656	560
657	623
657	760
660	24
662	438
663	263
664	20
665	180
665	228
665	389
665	391
666	640
667	156
667	191
667	518
668	138
668	362
668	481
669	16
670	136
670	763
673	483
673	594
675	42
675	686
676	33
677	381
678	50
679	721
681	11
681	564
681	589
682	111
682	250
682	560
682	572
682	604
683	208
683	711
684	258
684	289
685	171
685	638
685	706
686	64
686	143
686	737
687	325
687	347
688	127
688	130
688	685
690	614
690	687
690	791
691	213
691	369
694	384
694	398
694	514
694	751
695	329
695	665
696	285
697	203
698	74
698	214
699	631
700	253
700	592
701	228
701	300
701	691
702	198
705	262
705	606
706	96
706	304
706	411
707	514
708	182
708	426
709	392
712	543
713	589
714	333
714	465
714	768
716	24
716	199
716	269
716	749
717	102
718	136
724	566
725	443
726	210
726	417
727	80
728	61
728	539
729	495
730	22
730	159
730	175
730	524
732	425
732	588
733	26
733	49
733	583
733	613
734	74
734	89
734	514
735	322
736	624
737	541
738	27
738	217
738	653
739	260
739	730
740	231
742	34
742	54
742	233
743	109
744	25
746	230
746	380
746	523
746	662
746	733
749	401
749	767
750	645
750	735
751	51
751	738
752	98
752	216
752	692
754	155
754	373
757	145
758	697
761	283
765	84
765	197
766	519
768	437
769	147
769	520
770	262
771	753
772	83
772	249
772	728
774	793
775	207
775	415
775	601
776	162
777	569
778	210
779	404
780	214
782	660
783	269
784	321
784	553
784	779
785	105
786	140
786	580
787	480
787	629
788	401
788	525
789	263
789	620
790	188
791	80
791	325
791	350
791	455
791	657
792	426
793	91
793	496
793	667
796	432
796	469
797	93
797	324
797	385
797	633
797	733
799	45
799	480
799	584
-----------
0	145
0	678
1	418
2	289
3	206
3	266
4	145
4	437
4	756
5	589
5	714
8	438
8	691
9	225
10	237
12	129
14	45
14	125
14	501
14	603
16	92
16	141
16	736
18	220
18	577
19	700
19	730
21	104
21	514
22	324
23	242
23	675
24	263
24	570
24	632
24	716
25	406
25	784
26	15
26	110
26	279
27	754
28	481
28	531
28	669
29	792
30	408
31	88
31	140
34	40
34	248
36	657
38	337
39	298
39	594
40	188
40	702
41	535
44	231
46	131
46	552
46	668
47	416
49	530
52	87
53	496
55	22
55	46
55	167
55	249
57	45
57	544
58	281
59	33
60	40
60	76
60	643
60	792
63	783
64	48
65	635
67	102
67	461
69	137
69	796
70	405
70	475
70	499
70	692
70	773
72	141
72	150
72	199
72	212
73	659
74	544
74	580
74	681
75	262
76	498
76	702
77	134
77	609
78	347
78	359
78	429
79	90
79	316
80	662
80	663
81	638
82	161
82	517
83	760
84	198
84	421
85	566
86	4
86	587
86	794
87	80
87	609
88	115
88	655
89	713
91	378
91	661
92	517
93	213
95	549
96	75
96	140
96	642
98	6
98	480
100	188
100	640
100	750
101	35
101	196
101	404
102	82
104	36
105	152
105	266
105	423
106	200
107	55
109	106
111	100
112	94
113	93
113	318
113	392
114	376
114	757
115	176
116	102
116	285
117	757
118	135
118	214
119	350
120	251
122	485
123	108
123	291
124	672
125	194
126	493
126	726
127	184
127	273
127	281
127	349
128	191
128	317
129	378
129	610
129	619
129	710
130	145
130	171
130	414
130	605
130	683
131	131
131	145
131	148
132	676
132	728
133	151
133	167
133	470
134	249
135	19
135	203
135	390
135	753
135	784
136	346
136	563
136	731
137	372
137	379
137	620
137	776
138	452
139	367
139	473
141	208
141	421
142	395
142	591
142	679
143	101
143	133
143	541
144	210
144	404
145	508
145	699
146	500
146	687
149	294
150	86
151	318
152	472
152	605
153	382
153	434
156	327
157	58
157	64
157	439
158	49
158	97
159	426
159	683
161	590
162	216
162	513
165	412
166	162
167	668
168	33
168	246
168	748
169	331
170	279
170	366
170	736
171	12
171	245
171	401
172	484
173	488
174	337
175	103
179	89
180	706
181	519
182	235
182	605
183	7
183	153
184	430
185	433
186	6
186	681
187	616
188	174
188	393
188	707
188	730
189	55
189	603
190	532
190	632
192	14
192	485
193	451
193	460
195	288
196	426
197	440
197	771
199	76
199	421
200	57
201	616
201	780
202	222
202	496
203	71
203	755
203	759
204	221
204	763
205	191
205	533
207	213
207	445
207	703
208	199
208	544
209	294
209	635
210	186
210	237
210	421
210	615
210	661
211	61
213	155
214	321
214	536
214	583
214	730
215	401
215	610
217	465
219	476
219	497
220	631
221	8
221	362
224	337
225	208
225	702
226	425
226	685
227	308
227	592
228	98
228	191
229	666
229	712
230	97
231	249
232	228
233	27
233	228
234	483
234	594
235	200
235	440
235	491
236	99
236	180
236	214
236	731
237	43
237	476
237	580
237	697
238	617
239	462
241	138
241	447
242	727
243	33
245	243
245	474
246	186
246	408
248	480
249	264
249	350
249	483
249	604
250	292
252	548
252	799
253	503
254	1
254	482
255	605
258	258
259	138
259	253
259	454
260	631
260	644
261	174
261	178
261	442
261	496
262	64
262	797
263	145
263	691
264	206
264	759
265	75
265	166
265	236
265	349
266	366
266	717
267	178
268	91
268	283
268	356
268	561
268	763
270	231
270	445
270	545
271	625
272	146
272	296
272	379
272	385
273	215
273	494
274	173
274	337
274	657
275	190
276	118
276	498
277	180
278	17
278	437
278	574
279	581
282	621
283	48
283	580
284	24
284	372
286	593
286	726
287	25
287	633
288	14
290	58
290	127
290	188
290	232
291	631
292	162
292	518
292	565
294	277
295	727
297	702
298	435
300	58
301	641
302	670
306	36
306	548
306	599
307	71
308	92
308	393
308	522
308	660
309	66
309	316
309	677
309	770
310	390
311	76
311	526
312	16
312	25
312	486
313	519
314	125
314	147
315	469
316	461
316	667
320	89
320	163
321	61
321	285
321	451
321	642
322	611
322	789
323	472
323	603
324	537
325	195
325	252
325	589
326	57
326	259
326	467
329	175
329	646
329	793
330	138
332	296
332	369
333	159
333	182
334	393
336	57
336	299
336	304
336	346
337	273
337	435
339	556
340	88
340	108
340	517
341	277
341	415
341	723
342	474
343	217
343	229
343	537
344	52
344	707
346	143
347	779
349	191
349	262
349	478
351	419
353	341
353	591
353	695
354	223
354	680
356	406
356	666
356	687
358	430
359	18
359	300
360	132
360	364
360	492
361	422
362	196
363	103
363	622
363	729
364	78
364	102
364	255
364	510
364	755
365	325
365	532
366	22
367	311
367	411
368	26
368	332
369	187
370	141
374	94
374	686
375	356
376	43
378	229
378	318
378	661
378	764
379	44
379	358
379	799
380	38
380	172
380	726
383	659
383	777
384	51
384	479
385	52
385	798
386	76
386	245
389	592
390	549
390	715
391	177
392	512
393	26
393	218
393	273
398	514
399	198
399	446
400	104
400	237
400	682
401	120
402	305
402	342
403	295
403	553
403	767
404	43
404	651
405	434
406	159
408	65
408	218
408	775
409	46
409	541
409	620
409	799
410	69
411	207
411	713
412	550
412	765
413	340
413	408
413	721
414	143
414	380
414	568
415	68
415	583
416	167
417	237
417	297
417	717
418	355
420	516
421	96
421	101
421	473
422	605
422	665
423	749
424	443
425	108
425	210
425	486
425	660
425	664
425	722
426	263
428	300
428	728
429	13
430	135
430	692
430	719
431	357
431	609
433	399
434	539
435	246
435	392
435	624
435	781
436	550
437	520
437	726
438	224
438	259
439	188
439	379
440	216
440	365
440	728
441	2
441	318
441	748
442	256
443	558
444	222
445	644
447	350
447	380
447	500
447	608
448	313
449	375
449	403
450	165
450	492
450	525
450	583
451	347
452	502
453	70
453	287
453	465
454	318
454	563
454	743
455	539
455	729
456	370
456	637
456	784
457	238
458	584
458	668
460	365
460	373
461	503
462	427
463	796
465	331
465	359
465	499
466	768
467	544
467	790
471	33
471	313
472	84
472	602
473	239
474	413
475	24
475	241
476	532
478	577
478	623
479	181
479	665
480	24
480	487
482	178
483	512
483	632
483	642
484	25
484	160
484	166
484	503
485	200
485	329
485	386
486	466
487	166
487	224
487	771
488	791
490	297
490	330
490	623
492	102
492	767
493	407
493	660
495	4
497	779
498	767
500	217
500	777
501	349
501	705
502	136
503	588
504	306
504	616
504	676
505	349
505	710
506	208
506	218
506	650
506	759
507	78
507	608
507	776
508	556
509	460
509	524
509	541
509	732
511	258
512	798
513	174
514	20
514	557
514	650
515	58
516	273
516	644
517	370
517	425
517	570
519	586
520	65
520	370
521	43
521	660
522	114
522	342
522	784
523	21
523	652
524	276
525	83
525	117
526	360
526	469
528	320
530	505
531	42
531	196
531	544
532	103
533	236
533	378
534	121
534	186
534	401
534	778
535	173
538	85
538	109
538	439
539	16
539	585
539	631
540	692
541	196
541	556
541	625
541	740
542	588
543	105
544	587
545	257
545	717
546	402
546	753
548	49
549	137
549	255
551	596
553	634
553	645
553	753
555	111
555	362
557	500
559	96
559	326
559	711
560	79
560	117
560	627
560	737
561	366
561	542
562	21
562	325
562	734
563	240
563	245
564	164
564	404
565	19
565	312
566	315
566	676
566	692
568	132
568	200
569	19
570	194
571	746
571	797
572	98
572	231
573	312
573	371
573	417
574	140
574	247
575	35
577	108
577	611
578	507
580	676
582	208
582	357
582	589
583	159
583	286
583	416
583	532
584	480
586	446
587	507
587	652
588	272
588	471
589	150
590	526
591	219
591	536
592	472
594	414
594	642
596	72
598	578
598	590
599	116
599	448
600	452
600	540
601	723
602	629
603	240
603	705
604	260
605	22
605	100
605	632
605	757
606	481
606	537
608	15
609	553
610	262
610	675
612	128
612	720
613	249
613	738
614	560
615	450
616	167
616	302
616	415
618	44
618	64
618	457
619	275
619	292
619	433
622	30
623	66
624	478
625	130
625	569
626	40
626	528
627	266
627	316
628	482
628	766
629	611
630	75
630	560
631	1
631	168
631	435
632	8
633	85
633	216
633	467
633	484
633	715
633	724
634	23
636	298
638	438
638	600
640	336
641	341
641	777
642	39
642	331
642	451
643	619
643	761
644	478
644	619
645	662
646	43
646	269
647	180
647	564
648	649
650	280
651	144
652	638
653	9
653	485
654	322
654	401
654	660
655	197
655	763
656	792
657	419
657	760
660	24
662	418
663	263
664	146
665	389
665	391
665	542
665	604
666	640
667	394
667	536
667	624
668	138
668	362
668	570
669	133
670	136
670	763
673	483
673	594
675	664
675	686
676	495
677	381
678	50
679	721
681	11
681	296
681	564
682	170
682	250
682	280
682	560
682	572
683	100
683	132
684	16
684	289
685	171
685	638
685	706
686	143
686	188
686	199
687	325
687	347
688	127
688	130
688	685
690	614
690	687
690	791
691	266
691	672
694	384
694	398
694	514
694	751
695	329
695	665
696	285
697	47
698	74
698	629
699	20
700	81
700	714
701	104
701	169
701	677
702	198
705	432
705	606
706	48
706	304
706	411
707	514
708	182
708	426
709	392
712	543
713	589
714	31
714	333
714	768
716	269
716	270
716	323
716	593
717	707
718	194
724	566
725	443
726	210
726	417
727	80
728	61
728	539
729	584
730	125
730	159
730	203
730	524
732	313
732	588
733	26
733	49
733	107
733	613
734	74
734	89
734	514
735	280
736	156
737	74
738	27
738	375
738	653
739	718
739	730
740	262
742	34
742	54
742	233
743	109
744	708
746	110
746	230
746	523
746	663
746	733
749	216
749	767
750	104
750	735
751	51
751	738
752	71
752	175
752	242
754	155
754	373
757	145
758	697
761	283
765	84
765	197
766	519
768	437
769	520
769	633
770	44
771	149
772	18
772	83
772	173
774	769
775	207
775	276
775	601
776	162
777	569
778	166
779	404
780	631
782	622
783	269
784	225
784	314
784	672
785	105
786	432
786	580
787	330
787	415
788	323
788	525
789	263
789	620
790	120
791	80
791	325
791	455
791	657
791	752
792	426
793	97
793	496
793	667
796	364
796	660
797	16
797	93
797	419
797	549
797	733
799	165
799	236
799	480
-----------
0	145
0	777
1	632
2	373
3	620
3	759
4	145
4	366
4	756
5	240
5	435
8	362
8	691
9	225
10	237
12	331
14	167
14	228
14	501
14	603
16	141
16	637
16	736
18	672
18	730
19	465
19	532
21	104
21	514
22	324
23	401
23	471
24	263
24	300
24	483
24	570
25	308
25	784
26	195
26	279
26	714
27	754
28	531
28	625
28	669
29	792
30	393
31	88
31	432
34	232
34	248
36	657
38	19
39	263
39	594
40	120
40	702
41	535
44	231
46	408
46	552
46	668
47	416
49	530
52	87
53	496
55	46
55	167
55	203
55	249
57	236
57	544
58	281
59	33
60	40
60	76
60	264
60	643
63	783
64	76
65	635
67	285
67	461
69	137
69	796
70	273
70	405
70	475
70	499
70	773
72	141
72	150
72	199
72	212
73	659
74	165
74	438
74	544
75	262
76	498
76	702
77	609
77	753
78	314
78	347
78	429
79	221
79	316
80	93
80	318
81	638
82	161
82	461
83	61
84	198
84	421
85	566
85	677
86	518
86	587
86	794
87	76
87	80
88	638
88	655
89	382
91	378
91	408
92	517
93	565
95	549
96	134
96	148
96	553
98	325
98	476
100	188
100	640
100	750
101	196
101	404
101	726
102	82
104	48
105	152
105	266
105	423
106	200
107	480
109	106
111	100
112	661
113	43
113	357
113	660
114	376
114	727
115	720
116	289
116	780
117	646
118	25
118	135
119	350
120	500
122	485
123	108
123	291
124	732
125	194
126	493
126	726
127	30
127	184
127	273
127	281
128	191
128	317
129	378
129	610
129	619
129	710
130	145
130	171
130	414
130	605
130	683
131	131
131	140
131	145
132	129
132	728
133	151
133	188
133	470
134	249
135	19
135	350
135	390
135	760
135	784
136	346
136	563
136	731
137	175
137	266
137	372
137	379
138	269
139	367
139	473
141	208
141	421
142	231
142	395
142	697
143	101
143	404
143	541
144	8
144	462
145	508
145	699
146	500
146	503
149	539
150	653
151	318
152	472
152	605
153	20
153	434
156	327
157	58
157	433
157	439
158	670
158	752
159	322
159	430
161	590
162	216
162	513
165	412
166	514
167	668
168	246
168	356
168	486
169	331
170	279
170	748
170	757
171	12
171	245
171	661
172	484
173	488
174	135
175	103
179	89
180	550
181	519
182	64
182	721
183	7
183	153
184	683
185	433
186	6
186	681
187	616
188	174
188	220
188	393
188	707
189	191
189	525
190	127
190	418
192	14
192	485
193	273
193	460
195	262
196	591
197	440
197	771
199	421
199	687
200	57
201	6
201	495
202	222
202	496
203	176
203	206
203	480
204	133
204	557
205	533
205	728
207	445
207	672
207	703
208	199
208	544
209	294
209	635
210	55
210	118
210	188
210	237
210	292
211	61
213	601
214	1
214	536
214	583
214	730
215	260
215	610
217	763
219	145
219	497
220	42
221	8
221	362
224	337
225	208
225	702
226	104
226	685
227	700
227	737
228	98
228	101
229	104
229	680
230	97
231	249
232	767
233	14
233	228
234	98
234	236
235	200
235	491
235	676
236	99
236	631
236	731
236	740
237	125
237	174
237	476
237	679
238	549
239	404
241	298
241	447
242	736
243	33
245	243
245	430
246	131
246	186
248	74
249	43
249	138
249	170
249	792
250	292
252	548
252	799
253	503
254	1
254	482
255	115
258	16
259	138
259	253
259	454
260	631
260	651
261	178
261	442
261	446
261	496
262	64
262	712
263	480
263	691
264	206
264	759
265	75
265	162
265	166
265	349
266	560
266	717
267	549
268	91
268	283
268	356
268	561
268	730
270	231
270	545
270	681
271	481
272	239
272	296
272	379
272	514
273	215
273	494
274	337
274	457
274	716
275	677
276	632
276	735
277	218
278	17
278	437
278	574
279	143
282	288
283	455
283	580
284	15
284	372
286	173
286	593
287	588
287	633
288	765
290	58
290	127
290	370
290	657
291	692
292	24
292	398
292	738
294	277
295	727
297	702
298	418
300	58
301	641
302	97
306	36
306	548
306	599
307	74
308	92
308	393
308	580
308	660
309	190
309	316
309	770
309	796
310	285
311	526
311	713
312	25
312	133
312	486
313	519
314	16
314	125
315	469
316	350
316	517
320	186
320	766
321	102
321	167
321	451
321	592
322	611
322	789
323	472
323	603
324	537
325	110
325	370
325	588
326	57
326	259
326	467
329	94
329	645
329	769
330	138
332	296
332	369
333	182
333	665
334	798
336	57
336	299
336	346
336	799
337	560
337	714
339	233
340	86
340	108
340	478
341	277
341	415
341	594
342	474
343	217
343	537
343	659
344	164
344	707
346	581
347	779
349	216
349	262
349	478
351	763
353	105
353	341
353	695
354	222
354	223
356	406
356	553
356	715
358	652
359	9
359	18
360	364
360	478
360	492
361	422
362	178
363	103
363	622
363	757
364	78
364	102
364	210
364	255
364	755
365	213
365	266
366	22
367	311
367	692
368	26
368	332
369	187
370	141
374	294
374	686
375	33
376	336
378	323
378	517
378	661
378	764
379	44
379	358
379	799
380	35
380	38
380	781
383	229
383	298
384	51
384	163
385	52
385	166
386	76
386	255
389	329
390	196
390	611
391	177
392	512
393	26
393	116
393	218
398	642
399	198
399	446
400	104
400	237
400	682
401	120
402	305
402	342
403	155
403	295
403	608
404	43
404	784
405	604
406	159
408	65
408	218
408	775
409	46
409	304
409	620
409	706
410	69
411	207
411	715
412	27
412	605
413	340
413	408
413	721
414	88
414	180
414	380
415	68
415	583
416	483
417	36
417	237
417	717
418	355
420	516
421	96
421	473
421	603
422	605
422	665
423	749
424	776
425	108
425	660
425	664
425	667
425	722
425	748
426	777
428	169
428	229
429	13
430	326
430	337
430	719
431	596
431	609
433	399
434	94
435	246
435	466
435	577
435	624
436	706
437	520
437	726
438	224
438	259
439	379
439	421
440	81
440	216
440	365
441	318
441	437
441	778
442	256
443	49
444	797
445	644
447	143
447	366
447	629
447	663
448	313
449	375
449	664
450	165
450	492
450	525
450	583
451	182
452	502
453	70
453	287
453	465
454	318
454	563
454	743
455	539
455	729
456	92
456	370
456	726
457	238
458	584
458	668
460	365
460	514
461	503
462	427
463	66
465	359
465	499
465	676
466	768
467	213
467	544
471	33
471	313
472	593
472	642
473	146
474	413
475	24
475	241
476	532
478	242
478	623
479	159
479	181
480	24
480	487
482	178
483	498
483	605
483	642
484	55
484	108
484	160
484	166
485	386
485	419
485	541
486	392
487	166
487	224
487	771
488	791
490	297
490	330
490	623
492	102
492	767
493	349
493	631
495	4
497	779
498	180
500	217
500	297
501	407
501	705
502	136
503	588
504	262
504	306
504	616
505	349
505	710
506	522
506	650
506	676
506	759
507	24
507	200
507	608
508	556
509	172
509	200
509	482
509	611
511	258
512	275
513	798
514	609
514	650
514	763
515	58
516	273
516	644
517	85
517	425
517	589
519	392
520	40
520	65
521	660
521	662
522	114
522	342
522	738
523	21
523	652
524	276
525	83
525	117
526	272
526	469
528	403
530	505
531	196
531	544
531	631
532	103
533	236
533	378
534	2
534	89
534	121
534	401
535	173
538	109
538	439
538	570
539	16
539	585
539	660
540	414
541	196
541	406
541	556
541	692
542	625
543	507
544	587
545	257
545	717
546	402
546	753
548	49
549	137
549	245
551	162
553	371
553	425
553	753
555	111
555	445
557	500
559	75
559	96
559	711
560	79
560	117
560	390
560	627
561	366
561	678
562	21
562	734
562	776
563	240
563	245
564	16
564	644
565	19
565	312
566	34
566	315
566	676
568	132
568	325
569	337
570	194
571	746
571	797
572	426
572	479
573	312
573	417
573	634
574	140
574	247
575	35
577	566
577	687
578	105
580	329
582	132
582	357
582	589
583	159
583	286
583	416
583	532
584	577
586	174
587	210
587	507
588	360
588	675
589	150
590	249
591	219
591	536
592	472
594	321
594	642
596	40
598	578
598	590
599	364
599	448
600	452
600	540
601	723
602	251
603	296
603	705
604	401
605	22
605	100
605	632
605	729
606	537
606	570
608	15
609	666
610	632
610	675
612	71
612	622
613	474
613	526
614	629
615	450
616	167
616	302
616	415
618	43
618	44
618	657
619	64
619	186
619	666
622	349
623	426
624	568
625	130
625	569
626	72
626	528
627	266
627	316
628	330
628	524
629	460
630	75
630	510
631	168
631	435
631	692
632	723
633	85
633	191
633	467
633	484
633	713
633	724
634	23
636	203
638	438
638	532
640	512
641	341
641	777
642	39
642	331
642	451
643	619
643	761
644	132
644	619
645	662
646	43
646	452
647	180
647	564
648	649
650	280
651	144
652	638
653	44
653	485
654	216
654	280
654	560
655	197
655	208
656	50
657	419
657	760
660	78
662	435
663	263
664	20
665	389
665	391
665	434
665	542
666	640
667	191
667	285
667	394
668	138
668	362
668	481
669	90
670	136
670	763
673	483
673	594
675	320
675	686
676	616
677	381
678	792
679	235
681	11
681	27
681	589
682	250
682	280
682	572
682	604
682	663
683	100
683	208
684	258
684	289
685	4
685	171
685	175
686	18
686	143
686	199
687	325
687	767
688	130
688	600
688	685
690	614
690	687
690	791
691	84
691	615
694	384
694	385
694	751
694	755
695	592
695	665
696	147
697	47
698	71
698	214
699	146
700	318
700	728
701	173
701	300
701	536
702	198
705	440
705	606
706	304
706	411
706	542
707	188
708	22
708	426
709	109
712	543
713	589
714	31
714	333
714	768
716	269
716	270
716	602
716	790
717	102
718	194
724	566
725	443
726	210
726	417
727	80
728	61
728	539
729	584
730	125
730	159
730	347
730	524
732	252
732	313
733	26
733	49
733	107
733	613
734	74
734	89
734	514
735	707
736	624
737	541
738	48
738	375
738	564
739	718
739	730
740	432
742	54
742	71
742	556
743	392
744	708
746	110
746	230
746	380
746	523
746	733
749	401
749	767
750	550
750	672
751	51
751	784
752	242
752	443
752	631
754	155
754	373
757	145
758	697
761	283
765	84
765	197
766	519
768	437
769	156
769	520
770	621
771	149
772	52
772	83
772	480
774	793
775	207
775	276
775	347
776	162
777	569
778	757
779	404
780	214
782	128
783	269
784	66
784	225
784	359
785	591
786	140
786	580
787	415
787	451
788	25
788	323
789	263
789	620
790	188
791	45
791	325
791	558
791	580
791	617
792	426
793	97
793	496
793	667
796	411
796	660
797	48
797	93
797	419
797	633
797	733
799	45
799	80
799	586
-----------
0	36
0	600
1	89
2	564
3	266
3	759
4	145
4	437
4	484
5	240
5	714
8	341
8	691
9	225
10	580
12	129
14	167
14	501
14	522
14	603
16	92
16	141
16	736
18	220
18	414
19	84
19	763
21	104
21	514
22	324
23	14
23	223
24	263
24	570
24	632
24	666
25	308
25	784
26	145
26	318
26	799
27	754
28	337
28	531
28	669
29	619
30	393
31	88
31	432
34	232
34	248
36	657
38	625
39	263
39	594
40	120
40	702
41	535
44	231
46	131
46	552
46	668
47	416
49	530
52	87
53	496
55	46
55	167
55	249
55	610
57	236
57	544
58	281
59	33
60	40
60	76
60	264
60	643
63	783
64	74
65	635
67	285
67	461
69	137
69	663
70	475
70	499
70	601
70	692
70	773
72	141
72	150
72	199
72	212
73	22
74	130
74	237
74	681
75	262
76	498
76	702
77	134
77	198
78	174
78	347
78	429
79	90
79	316
80	93
80	318
81	638
82	161
82	517
83	760
84	198
84	421
85	566
85	793
86	86
86	587
86	794
87	80
87	382
88	115
88	655
89	713
91	378
91	798
92	517
93	43
95	549
96	421
96	514
96	642
98	300
98	407
100	188
100	640
100	750
101	196
101	404
101	717
102	74
104	678
105	152
105	423
105	760
106	200
107	127
109	106
111	100
112	767
113	213
113	392
113	660
114	111
114	376
115	720
116	35
116	285
117	646
118	135
118	163
119	350
120	629
122	485
123	108
123	291
124	672
125	194
126	493
126	726
127	184
127	273
127	281
127	349
128	317
128	666
129	329
129	434
129	610
129	792
130	171
130	414
130	605
130	683
130	697
131	131
131	140
131	145
132	331
132	728
133	151
133	188
133	470
134	249
135	19
135	61
135	203
135	350
135	784
136	289
136	346
136	563
137	24
137	379
137	620
137	776
138	269
139	367
139	473
141	421
141	757
142	231
142	395
142	697
143	101
143	133
143	541
144	210
144	462
145	508
145	699
146	500
146	687
149	294
150	48
151	318
152	472
152	605
153	378
153	676
156	327
157	58
157	404
157	439
158	49
158	670
159	683
159	703
161	132
162	216
162	513
165	412
166	162
167	668
168	138
168	246
168	356
169	331
170	279
170	302
170	748
171	12
171	245
171	577
172	71
173	488
174	135
175	103
179	632
180	706
181	519
182	74
182	235
183	153
183	533
184	572
185	263
186	6
186	69
187	616
188	71
188	365
188	393
188	707
189	560
189	603
190	405
190	418
192	471
192	590
193	404
193	732
195	621
196	591
197	440
197	771
199	421
199	425
200	57
201	6
201	495
202	150
202	570
203	143
203	273
203	484
204	133
204	557
205	7
205	728
207	213
207	419
207	445
208	199
208	544
209	276
209	294
210	118
210	188
210	237
210	292
210	766
211	61
213	676
214	321
214	536
214	583
214	730
215	401
215	615
217	465
219	145
219	497
220	631
221	362
221	415
224	337
225	178
225	702
226	104
226	685
227	373
227	796
228	98
228	299
229	104
229	660
230	97
231	249
232	240
233	228
233	560
234	162
234	483
235	200
235	273
235	676
236	99
236	180
236	631
236	731
237	476
237	580
237	679
237	798
238	125
239	195
241	138
241	478
242	727
243	33
245	243
245	474
246	186
246	408
248	480
249	43
249	170
249	390
249	792
250	292
252	279
252	548
253	503
254	373
254	413
255	550
258	16
259	138
259	454
259	738
260	164
260	631
261	314
261	375
261	496
261	592
262	64
262	712
263	480
263	691
264	269
264	333
265	75
265	166
265	236
265	349
266	337
266	717
267	196
268	283
268	356
268	514
268	561
268	730
270	372
270	445
270	545
271	481
272	144
272	239
272	296
272	385
273	215
273	494
274	337
274	398
274	457
275	604
276	632
276	706
277	180
278	17
278	437
278	574
279	143
282	288
283	549
283	777
284	15
284	372
286	472
286	784
287	25
287	633
288	14
290	58
290	127
290	370
290	524
291	631
292	408
292	518
292	565
294	2
295	727
297	702
298	435
300	198
301	641
302	97
306	36
306	548
306	599
307	101
308	92
308	393
308	617
308	680
309	66
309	173
309	316
309	770
310	71
311	76
311	526
312	25
312	486
312	487
313	519
314	16
314	125
315	469
316	416
316	560
320	55
320	408
321	98
321	262
321	451
321	692
322	611
322	789
323	768
323	775
324	537
325	110
325	252
325	589
326	57
326	259
326	467
329	175
329	262
329	769
330	486
332	296
332	369
333	182
333	721
334	238
336	57
336	304
336	346
336	390
337	207
337	435
339	556
340	88
340	108
340	229
341	277
341	415
341	594
342	474
343	217
343	229
343	632
344	662
344	707
346	581
347	779
349	216
349	262
349	478
351	763
353	55
353	438
353	695
354	222
354	401
356	191
356	406
356	715
358	224
359	9
359	18
360	364
360	447
360	492
361	422
362	208
363	103
363	622
363	757
364	42
364	78
364	102
364	510
364	755
365	532
365	672
366	22
367	311
367	364
368	26
368	332
369	187
370	141
374	94
374	686
375	33
376	287
378	323
378	517
378	661
378	764
379	44
379	358
379	799
380	64
380	100
380	172
383	298
383	659
384	51
384	588
385	52
385	94
386	76
386	255
389	147
390	76
390	460
391	177
392	512
393	26
393	218
393	755
398	642
399	58
399	446
400	104
400	237
400	682
401	120
402	305
402	342
403	295
403	355
403	553
404	43
404	651
405	604
406	159
408	65
408	218
408	603
409	4
409	46
409	620
409	799
410	681
411	121
411	765
412	27
412	605
413	159
413	253
413	340
414	380
414	406
414	478
415	68
415	583
416	167
417	237
417	297
417	717
418	623
420	516
421	96
421	191
421	638
422	605
422	665
423	749
424	443
425	145
425	155
425	664
425	667
425	722
425	748
426	640
428	566
428	767
429	13
430	75
430	366
430	719
431	480
431	609
433	399
434	539
435	246
435	466
435	624
435	781
436	550
437	660
437	726
438	27
438	652
439	148
439	569
440	216
440	365
440	728
441	318
441	366
441	541
442	256
443	752
444	797
445	644
447	143
447	350
447	500
447	796
448	313
449	194
449	375
450	165
450	492
450	525
450	583
451	347
452	502
453	70
453	336
453	465
454	318
454	563
454	743
455	661
455	729
456	370
456	637
456	726
457	89
458	584
458	668
460	608
460	730
461	756
462	427
463	592
465	359
465	499
465	767
466	784
467	544
467	790
471	33
471	313
472	593
472	700
473	146
474	482
475	24
475	241
476	532
478	108
478	242
479	181
479	665
480	24
480	404
482	178
483	498
483	605
483	642
484	16
484	25
484	160
484	503
485	200
485	329
485	386
486	392
487	166
487	224
487	771
488	542
490	297
490	426
490	661
492	102
492	169
493	349
493	660
495	4
497	779
498	228
500	217
500	266
501	542
501	705
502	136
503	588
504	306
504	440
504	616
505	349
505	710
506	203
506	218
506	650
506	759
507	78
507	608
507	776
508	556
509	482
509	491
509	541
509	549
511	258
512	275
513	174
514	609
514	650
514	763
515	58
516	273
516	644
517	370
517	609
517	687
519	586
520	40
520	65
521	52
521	660
522	114
522	342
522	593
523	21
523	652
524	276
525	83
525	117
526	200
526	360
528	49
530	505
531	166
531	255
531	544
532	103
533	236
533	520
534	186
534	277
534	401
534	715
535	173
538	109
538	222
538	439
539	16
539	585
539	631
540	577
541	196
541	514
541	625
541	740
542	753
543	507
544	587
545	257
545	726
546	402
546	753
548	664
549	137
549	245
551	411
553	371
553	425
553	753
555	362
555	736
557	500
559	96
559	326
559	711
560	79
560	461
560	627
560	737
561	48
561	366
562	21
562	325
562	734
563	1
563	767
564	196
564	644
565	19
565	312
566	20
566	174
566	315
568	132
568	230
569	19
570	194
571	746
571	797
572	426
572	479
573	190
573	312
573	634
574	140
574	247
575	780
577	108
577	611
578	105
580	199
582	132
582	357
582	589
583	117
583	159
583	286
583	532
584	357
586	446
587	507
587	723
588	272
588	378
589	496
590	526
591	219
591	536
592	472
594	642
594	692
596	72
598	485
598	578
599	116
599	448
600	206
600	452
601	723
602	251
603	296
603	705
604	260
605	22
605	38
605	537
605	729
606	537
606	570
608	15
609	54
610	44
610	675
612	176
612	622
613	249
613	430
614	231
615	450
616	8
616	208
616	619
618	44
618	481
618	657
619	186
619	433
619	483
622	30
623	426
624	568
625	379
625	544
626	40
626	623
627	266
627	316
628	330
628	524
629	512
630	75
630	210
631	168
631	245
631	435
632	8
633	85
633	191
633	467
633	503
633	713
633	724
634	23
636	298
638	438
638	532
640	611
641	341
641	777
642	39
642	331
642	451
643	619
643	761
644	167
644	590
645	662
646	43
646	452
647	180
647	731
648	649
650	280
651	379
652	473
653	325
653	485
654	81
654	216
654	280
655	197
655	208
656	792
657	419
657	777
660	596
662	418
663	165
664	20
665	389
665	391
665	434
665	476
666	580
667	156
667	191
667	394
668	138
668	362
668	718
669	221
670	136
670	763
673	483
673	594
675	320
675	686
676	616
677	48
678	50
679	721
681	11
681	564
681	589
682	250
682	280
682	430
682	591
682	759
683	100
683	208
684	258
684	289
685	171
685	638
685	672
686	188
686	540
686	589
687	325
687	347
688	130
688	539
688	685
690	614
690	687
690	791
691	266
691	676
694	173
694	384
694	556
694	751
695	411
695	665
696	285
697	47
698	82
698	214
699	146
700	663
700	714
701	300
701	536
701	716
702	85
705	166
705	606
706	304
706	710
706	791
707	91
708	182
708	330
709	392
712	543
713	419
714	31
714	206
714	768
716	24
716	269
716	270
716	602
717	102
718	403
724	566
725	443
726	210
726	417
727	80
728	61
728	539
729	584
730	125
730	159
730	188
730	659
732	313
732	588
733	26
733	49
733	107
733	613
734	64
734	89
734	514
735	322
736	520
737	140
738	178
738	259
738	653
739	43
739	730
740	432
742	34
742	233
742	553
743	109
744	708
746	110
746	380
746	469
746	523
746	733
749	401
749	528
750	645
750	735
751	51
751	738
752	155
752	175
752	242
754	1
754	692
757	35
758	624
761	283
765	84
765	197
766	519
768	437
769	442
769	569
770	102
771	149
772	18
772	83
772	417
774	677
775	145
775	207
775	635
776	162
777	675
778	757
779	460
780	214
782	128
783	677
784	225
784	359
784	707
785	105
786	580
786	778
787	415
787	629
788	323
788	525
789	433
789	620
790	45
791	80
791	325
791	455
791	558
791	657
792	426
793	97
793	496
793	667
796	451
796	660
797	66
797	93
797	381
797	633
797	733
799	45
799	263
799	480
-----------
0	36
0	145
1	203
2	44
3	266
3	759
4	145
4	320
4	514
5	378
5	714
8	331
8	691
9	668
10	237
12	129
14	167
14	501
14	522
14	603
16	92
16	141
16	736
18	350
18	577
19	84
19	140
21	337
21	514
22	324
23	401
23	471
24	263
24	570
24	632
24	666
25	308
25	791
26	279
26	318
26	771
27	754
28	406
28	531
28	669
29	792
30	393
31	88
31	432
34	232
34	248
36	608
38	337
39	263
39	594
40	120
40	702
41	556
44	767
46	208
46	541
46	668
47	416
49	530
52	87
53	496
55	46
55	167
55	203
55	249
57	236
57	544
58	281
59	155
60	40
60	76
60	601
60	643
63	783
64	86
65	635
67	237
67	285
69	137
69	550
70	475
70	499
70	692
70	731
70	773
72	141
72	199
72	212
72	640
73	61
74	544
74	580
74	681
75	262
76	498
76	702
77	134
77	609
78	1
78	347
78	429
79	90
79	316
80	93
80	318
81	638
82	161
82	517
83	760
84	198
84	421
85	566
85	677
86	74
86	605
86	706
87	80
87	382
88	115
88	655
89	713
91	378
91	550
92	517
93	213
95	549
96	148
96	644
96	692
98	125
98	190
100	283
100	322
100	640
101	196
101	404
101	726
102	82
104	678
105	266
105	423
105	753
106	200
107	661
109	106
111	100
112	661
113	43
113	392
113	660
114	104
114	376
115	720
116	164
116	285
117	646
118	163
118	277
119	220
120	370
122	485
123	50
123	96
124	104
125	194
126	493
126	726
127	184
127	273
127	281
127	435
128	191
128	659
129	240
129	259
129	610
129	614
130	171
130	266
130	299
130	414
130	605
131	131
131	140
131	145
132	331
132	728
133	45
133	151
133	208
134	249
135	19
135	61
135	350
135	632
135	784
136	346
136	405
136	440
137	372
137	379
137	620
137	776
138	175
139	330
139	367
141	421
141	631
142	231
142	395
142	697
143	101
143	133
143	541
144	210
144	605
145	508
145	699
146	616
146	687
149	88
150	48
151	318
152	472
152	605
153	64
153	434
156	327
157	58
157	64
157	439
158	365
158	670
159	66
159	683
161	590
162	216
162	513
165	412
166	162
167	668
168	246
168	356
168	486
169	61
170	279
170	748
170	757
171	12
171	245
171	577
172	484
173	488
174	135
175	103
179	145
180	706
181	156
182	235
182	616
183	7
183	153
184	430
185	433
186	6
186	681
187	616
188	174
188	393
188	707
188	730
189	55
189	603
190	418
190	600
192	177
192	485
193	273
193	460
195	621
196	613
197	195
197	563
199	421
199	687
200	437
201	6
201	495
202	366
202	496
203	71
203	206
203	759
204	26
204	557
205	342
205	481
207	213
207	325
207	703
208	199
208	544
209	18
209	294
210	55
210	57
210	137
210	237
210	292
211	659
213	767
214	97
214	536
214	583
214	730
215	401
215	610
217	465
219	145
219	497
220	631
221	8
221	76
224	337
225	208
225	702
226	104
226	685
227	373
227	592
228	101
228	225
229	638
229	680
230	97
231	249
232	767
233	228
233	765
234	162
234	483
235	249
235	385
235	491
236	99
236	180
236	186
236	731
237	31
237	476
237	679
237	798
238	617
239	404
241	138
241	447
242	727
243	33
245	243
245	474
246	186
246	408
248	480
249	26
249	43
249	102
249	390
250	292
252	273
252	799
253	503
254	1
254	482
255	349
258	16
259	253
259	378
259	439
260	631
260	780
261	174
261	442
261	496
261	738
262	20
262	712
263	480
263	691
264	206
264	759
265	75
265	166
265	236
265	349
266	366
266	717
267	196
268	91
268	283
268	356
268	676
268	730
270	231
270	445
270	545
271	481
272	239
272	296
272	379
272	715
273	247
273	494
274	173
274	457
274	672
275	677
276	632
276	672
277	620
278	17
278	74
278	304
279	143
282	288
283	549
283	580
284	15
284	407
286	593
286	784
287	25
287	574
288	14
290	58
290	127
290	188
290	370
291	631
292	178
292	518
292	565
294	135
295	727
297	702
298	435
300	58
301	623
302	108
306	36
306	418
306	548
307	71
308	92
308	125
308	393
308	660
309	66
309	316
309	476
309	770
310	390
311	44
311	76
312	25
312	404
312	570
313	519
314	325
314	419
315	469
316	159
316	560
320	89
320	766
321	98
321	170
321	451
321	642
322	611
322	789
323	472
323	603
324	537
325	110
325	485
325	589
326	57
326	467
326	619
329	166
329	332
329	769
330	138
332	296
332	369
333	159
333	182
334	132
336	188
336	304
336	346
336	675
337	218
337	349
339	556
340	108
340	229
340	294
341	277
341	415
341	594
342	474
343	217
343	229
343	537
344	52
344	707
346	581
347	779
349	216
349	262
349	478
351	763
353	341
353	591
353	695
354	222
354	223
356	625
356	666
356	737
358	652
359	9
359	413
360	364
360	478
360	492
361	422
362	753
363	103
363	251
363	622
364	102
364	255
364	483
364	510
364	755
365	532
365	672
366	22
367	311
367	364
368	133
368	593
369	187
370	141
374	657
374	686
375	33
376	336
378	323
378	517
378	661
378	764
379	44
379	358
379	799
380	38
380	570
380	717
383	317
383	722
384	51
384	109
385	52
385	94
386	255
386	362
389	592
390	76
390	549
391	14
392	512
393	26
393	273
393	560
398	642
399	4
399	446
400	461
400	682
400	736
401	120
402	305
402	728
403	33
403	295
403	553
404	43
404	651
405	604
406	461
408	65
408	218
408	775
409	46
409	180
409	198
409	799
410	69
411	207
411	715
412	27
412	587
413	65
413	716
413	721
414	380
414	406
414	434
415	68
415	583
416	167
417	172
417	237
417	297
418	355
420	516
421	191
421	291
421	473
422	462
422	665
423	749
424	443
425	80
425	298
425	660
425	664
425	667
425	748
426	777
428	566
428	611
429	13
430	75
430	337
430	719
431	480
431	609
433	588
434	539
435	24
435	246
435	466
435	624
436	519
437	250
437	520
438	224
438	259
439	379
439	380
440	49
440	216
440	728
441	222
441	318
441	778
442	256
443	752
444	797
445	644
447	143
447	350
447	500
447	608
448	313
449	375
449	445
450	165
450	492
450	526
450	583
451	697
452	502
453	70
453	287
453	465
454	318
454	563
454	743
455	539
455	729
456	629
456	637
456	726
457	238
458	225
458	591
460	365
460	663
461	503
462	427
463	796
465	342
465	359
465	499
466	768
467	544
467	790
471	33
471	313
472	269
472	700
473	146
474	18
475	24
475	241
476	532
478	242
478	631
479	181
479	665
480	8
480	24
482	415
483	498
483	605
483	642
484	160
484	166
484	503
484	544
485	186
485	200
485	329
486	392
487	125
487	166
487	771
488	784
490	297
490	330
490	641
492	102
492	767
493	660
493	798
495	415
497	779
498	228
500	217
500	777
501	372
501	705
502	136
503	15
504	306
504	440
504	500
505	349
505	710
506	131
506	650
506	676
506	755
507	78
507	753
507	776
508	535
509	381
509	482
509	552
509	732
511	258
512	275
513	174
514	609
514	650
514	763
515	718
516	548
516	644
517	85
517	370
517	425
519	199
520	340
520	649
521	58
521	662
522	114
522	676
522	784
523	21
523	652
524	276
525	83
525	117
526	469
526	556
528	664
530	505
531	25
531	42
531	196
532	103
533	138
533	236
534	2
534	214
534	401
534	623
535	173
538	35
538	454
538	486
539	16
539	470
539	478
540	414
541	196
541	360
541	558
541	625
542	657
543	507
544	587
545	257
545	717
546	152
546	230
548	49
549	245
549	484
551	347
553	178
553	371
553	425
555	111
555	362
557	500
559	96
559	326
559	711
560	79
560	117
560	200
560	627
561	48
561	366
562	21
562	403
562	734
563	240
563	245
564	16
564	756
565	19
565	312
566	71
566	315
566	561
568	132
568	200
569	19
570	194
571	746
571	797
572	426
572	479
573	312
573	417
573	634
574	215
574	763
575	35
577	169
577	796
578	105
580	419
582	93
582	132
582	589
583	159
583	286
583	416
583	532
584	357
586	446
587	507
587	723
588	104
588	272
589	150
590	526
591	219
591	536
592	472
594	642
594	692
596	72
598	578
598	590
599	116
599	448
600	452
600	540
601	723
602	757
603	296
603	705
604	260
605	22
605	100
605	632
605	729
606	528
606	537
608	588
609	553
610	289
610	675
612	176
612	622
613	173
613	430
614	451
615	450
616	4
616	167
616	302
618	43
618	525
618	657
619	78
619	386
619	433
622	30
623	426
624	568
625	130
625	569
626	40
626	399
627	316
627	683
628	473
628	524
629	653
630	75
630	210
631	168
631	314
631	435
632	487
633	80
633	85
633	118
633	467
633	713
633	724
634	23
636	298
638	438
638	532
640	512
641	341
641	777
642	105
642	438
642	451
643	619
643	761
644	408
644	619
645	662
646	40
646	452
647	180
647	564
648	602
650	280
651	144
652	89
653	252
653	300
654	264
654	280
654	663
655	197
655	218
656	792
657	419
657	760
660	140
662	599
663	263
664	20
665	258
665	389
665	391
665	542
666	150
667	108
667	191
667	394
668	138
668	362
668	533
669	221
670	136
670	763
673	483
673	594
675	57
675	686
676	64
677	460
678	321
679	721
681	11
681	589
681	792
682	191
682	560
682	572
682	604
682	726
683	100
683	208
684	289
684	585
685	171
685	357
685	638
686	143
686	188
686	586
687	325
687	596
688	127
688	130
688	685
690	687
690	710
690	791
691	266
691	615
694	384
694	398
694	514
694	751
695	329
695	665
696	285
697	47
698	214
698	437
699	146
700	81
700	714
701	300
701	408
701	536
702	198
705	262
705	606
706	411
706	633
706	793
707	514
708	39
708	182
709	392
712	543
713	589
714	333
714	580
714	768
716	43
716	269
716	270
716	781
717	102
718	194
724	566
725	443
726	210
726	417
727	108
728	224
728	539
729	584
730	22
730	159
730	331
730	524
732	313
732	588
733	49
733	107
733	564
733	584
734	74
734	89
734	514
735	750
736	624
737	541
738	27
738	375
738	611
739	660
739	730
740	432
742	34
742	54
742	233
743	109
744	708
746	110
746	402
746	523
746	569
746	733
749	231
749	401
750	645
750	735
751	51
751	738
752	175
752	242
752	692
754	155
754	373
757	145
758	347
761	188
765	84
765	197
766	519
768	437
769	147
769	520
770	262
771	149
772	83
772	635
772	676
774	542
775	207
775	216
775	276
776	162
777	421
778	757
779	404
780	121
782	128
783	269
784	98
784	359
784	707
785	426
786	24
786	580
787	178
787	629
788	323
788	525
789	263
789	620
790	188
791	94
791	280
791	325
791	455
791	740
792	426
793	97
793	496
793	667
796	411
796	660
797	16
797	48
797	633
797	733
797	794
799	45
799	165
799	480
-----------
0	145
0	277
1	465
2	289
3	266
3	759
4	145
4	499
4	756
5	240
5	714
8	438
8	691
9	225
10	237
12	129
14	167
14	501
14	522
14	603
16	92
16	141
16	675
18	220
18	577
19	208
19	763
21	104
21	514
22	324
23	401
23	471
24	21
24	263
24	505
24	666
25	308
25	784
26	174
26	195
26	279
27	659
28	43
28	531
28	669
29	792
30	393
31	210
31	432
34	232
34	248
36	657
38	337
39	263
39	594
40	662
40	702
41	108
44	231
46	131
46	552
46	668
47	416
49	530
52	87
53	496
55	46
55	167
55	203
55	249
57	236
57	544
58	281
59	33
60	40
60	76
60	264
60	643
63	783
64	86
65	323
67	285
67	461
69	137
69	796
70	145
70	405
70	475
70	692
70	773
72	141
72	150
72	199
72	642
73	659
74	524
74	580
74	681
75	372
76	498
76	702
77	134
77	609
78	78
78	297
78	347
79	55
79	362
80	93
80	318
81	638
82	517
82	734
83	760
84	198
84	421
85	566
85	677
86	6
86	74
86	181
87	341
87	382
88	147
88	655
89	754
91	378
91	798
92	517
93	716
95	549
96	148
96	514
96	692
98	325
98	476
100	188
100	699
100	750
101	196
101	591
101	726
102	82
104	678
105	66
105	266
105	445
106	200
107	661
109	51
111	100
112	661
113	392
113	625
113	660
114	376
114	736
115	720
116	285
116	780
117	24
118	135
118	583
119	429
120	629
122	485
123	108
123	291
124	672
125	194
126	493
126	726
127	184
127	273
127	281
127	349
128	191
128	317
129	337
129	610
129	619
129	710
130	283
130	414
130	437
130	503
130	539
131	131
131	140
131	145
132	331
132	728
133	19
133	331
133	470
134	249
135	61
135	203
135	350
135	717
135	784
136	512
136	572
136	731
137	372
137	379
137	620
137	776
138	421
139	367
139	473
141	69
141	208
142	231
142	395
142	697
143	101
143	133
143	378
144	330
144	462
145	508
145	544
146	500
146	687
149	294
150	48
151	318
152	472
152	605
153	258
153	434
156	276
157	58
157	64
157	635
158	49
158	168
159	423
159	683
161	590
162	513
162	717
165	503
166	162
167	668
168	583
168	727
168	768
169	283
170	14
170	279
170	748
171	12
171	237
171	245
172	484
173	488
174	135
175	318
179	89
180	706
181	519
182	64
182	235
183	7
183	153
184	430
185	178
186	587
186	681
187	616
188	97
188	174
188	393
188	778
189	55
189	603
190	418
190	600
192	485
192	588
193	273
193	713
195	604
196	404
197	440
197	771
199	421
199	517
200	57
201	6
201	495
202	89
202	222
203	71
203	206
203	755
204	510
204	557
205	533
205	728
207	213
207	327
207	703
208	199
208	544
209	294
209	635
210	90
210	118
210	188
210	237
210	292
211	92
213	592
214	79
214	536
214	583
214	730
215	163
215	401
217	632
219	145
219	497
220	631
221	8
221	316
224	337
225	19
225	665
226	104
226	685
227	373
227	592
228	98
228	101
229	104
229	680
230	730
231	249
232	233
233	228
233	765
234	162
234	483
235	200
235	491
235	541
236	99
236	180
236	631
236	731
237	196
237	219
237	580
237	679
238	479
239	404
241	447
241	532
242	727
243	33
245	243
245	474
246	329
246	408
248	480
249	43
249	170
249	390
249	792
250	171
252	548
252	799
253	412
254	359
254	578
255	550
258	16
259	253
259	454
259	797
260	132
260	631
261	178
261	318
261	442
261	496
262	64
262	712
263	107
263	480
264	249
264	799
265	75
265	166
265	349
265	764
266	19
266	544
267	196
268	43
268	472
268	561
268	670
268	730
270	231
270	445
270	545
271	481
272	239
272	296
272	379
272	385
273	650
273	687
274	173
274	457
274	541
275	677
276	632
276	672
277	180
278	437
278	574
278	767
279	143
282	74
283	24
283	580
284	15
284	262
286	593
286	784
287	25
287	633
288	715
290	58
290	81
290	127
290	771
291	631
292	518
292	565
292	738
294	120
295	356
297	702
298	435
300	58
301	640
302	97
306	36
306	173
306	599
307	71
308	40
308	61
308	125
308	621
309	66
309	109
309	190
309	316
310	390
311	526
311	781
312	25
312	404
312	486
313	519
314	125
314	242
315	358
316	461
316	560
320	89
320	121
321	98
321	102
321	451
321	642
322	611
322	789
323	472
323	603
324	537
325	103
325	110
325	589
326	259
326	467
326	539
329	175
329	769
329	776
330	138
332	296
332	369
333	159
333	182
334	408
336	57
336	299
336	304
336	346
337	435
337	560
339	556
340	88
340	108
340	660
341	415
341	594
341	736
342	288
343	217
343	229
343	537
344	52
344	707
346	581
347	97
349	216
349	262
349	478
351	763
353	80
353	591
353	695
354	222
354	223
356	20
356	191
356	406
358	652
359	9
359	18
360	364
360	478
360	492
361	422
362	178
363	103
363	622
363	757
364	102
364	133
364	255
364	349
364	755
365	532
365	672
366	22
367	311
367	364
368	26
368	332
369	661
370	141
374	94
374	686
375	430
376	336
378	187
378	236
378	384
378	623
379	44
379	469
379	799
380	38
380	172
380	262
383	298
383	460
384	106
384	588
385	52
385	94
386	255
386	652
389	767
390	76
390	549
391	177
392	451
393	26
393	218
393	273
398	212
399	323
399	446
400	104
400	577
400	682
401	35
402	305
402	342
403	155
403	295
403	503
404	43
404	651
405	393
406	159
408	65
408	218
408	775
409	4
409	46
409	206
409	426
410	269
411	30
411	207
412	27
412	605
413	408
413	474
413	721
414	380
414	406
414	478
415	68
415	246
416	167
417	216
417	297
417	685
418	355
420	516
421	40
421	96
421	473
422	605
422	665
423	749
424	443
425	128
425	660
425	664
425	667
425	722
425	748
426	777
428	169
428	566
429	13
430	75
430	337
430	719
431	480
431	609
433	399
434	171
435	76
435	466
435	563
435	624
436	667
437	520
437	726
438	224
438	259
439	379
439	421
440	216
440	365
440	728
441	318
441	366
441	707
442	256
443	752
444	797
445	644
447	85
447	127
447	143
447	500
448	313
449	375
449	403
450	165
450	492
450	525
450	610
451	347
452	502
453	287
453	465
453	638
454	246
454	326
454	455
455	57
455	729
456	483
456	637
456	726
457	292
458	584
458	668
460	138
460	608
461	553
462	427
463	796
465	1
465	499
465	676
466	486
467	217
467	790
471	33
471	313
472	593
472	700
473	146
474	413
475	241
475	646
476	532
478	16
478	215
479	496
479	691
480	24
480	487
482	433
483	498
483	605
483	642
484	25
484	160
484	166
484	605
485	200
485	329
485	386
486	392
487	166
487	188
487	224
488	791
490	88
490	314
490	729
492	102
492	767
493	105
493	350
495	4
497	779
498	228
500	366
500	777
501	44
501	705
502	136
503	14
504	306
504	440
504	616
505	349
505	710
506	218
506	650
506	676
506	759
507	78
507	166
507	608
508	556
509	460
509	482
509	676
509	732
511	258
512	275
513	174
514	494
514	609
514	763
515	272
516	273
516	644
517	85
517	370
517	425
519	586
520	65
520	191
521	120
521	660
522	114
522	342
522	784
523	76
523	570
524	276
525	117
525	356
526	360
526	469
528	664
530	44
531	42
531	196
531	321
532	103
533	236
533	378
534	2
534	401
534	718
534	766
535	245
538	109
538	439
538	570
539	16
539	585
539	631
540	414
541	556
541	625
541	740
541	798
542	753
543	507
544	188
545	257
545	717
546	402
546	753
548	49
549	137
549	548
551	596
553	371
553	425
553	753
555	111
555	362
557	500
559	96
559	252
559	711
560	117
560	627
560	641
560	737
561	48
561	366
562	21
562	161
562	325
563	240
563	245
564	16
564	644
565	45
565	312
566	71
566	315
566	676
568	132
568	200
569	208
570	194
571	138
571	746
572	426
572	617
573	312
573	417
573	634
574	140
574	247
575	35
577	108
577	611
578	105
580	419
582	164
582	357
582	589
583	159
583	286
583	416
583	663
584	357
586	446
587	507
587	723
588	36
588	191
589	150
590	526
591	476
591	536
592	151
594	642
594	692
596	72
598	525
598	590
599	116
599	448
600	452
600	540
601	723
602	714
603	296
603	705
604	230
605	22
605	100
605	623
605	632
606	537
606	570
608	15
609	553
610	632
610	675
612	176
612	622
613	33
613	759
614	451
615	450
616	167
616	302
616	415
618	91
618	407
618	657
619	186
619	433
619	624
622	757
623	426
624	568
625	359
625	569
626	229
626	528
627	316
627	394
628	330
628	544
629	611
630	75
630	210
631	1
631	83
631	435
632	8
633	331
633	350
633	484
633	713
633	715
633	724
634	23
636	298
638	138
638	438
640	512
641	341
641	777
642	39
642	467
642	563
643	619
643	761
644	132
644	619
645	662
646	43
646	452
647	180
647	564
648	589
650	280
651	144
652	70
653	300
653	485
654	216
654	280
654	532
655	84
655	197
656	792
657	419
657	760
660	24
662	418
663	263
664	666
665	389
665	391
665	434
665	542
666	640
667	58
667	156
667	266
668	362
668	365
668	481
669	221
670	136
670	763
673	483
673	594
675	320
675	686
676	616
677	381
678	50
679	721
681	11
681	564
681	589
682	250
682	280
682	346
682	560
682	604
683	100
683	208
684	20
684	289
685	238
685	638
685	706
686	143
686	199
686	587
687	325
687	347
688	130
688	237
688	663
690	614
690	687
690	791
691	266
691	615
694	198
694	398
694	514
694	751
695	173
695	186
696	285
697	47
698	214
698	340
699	146
700	251
700	370
701	213
701	300
701	536
702	198
705	277
705	606
706	304
706	411
706	542
707	514
708	182
708	426
709	392
712	543
713	649
714	31
714	333
714	768
716	269
716	270
716	549
716	602
717	102
718	194
724	566
725	443
726	210
726	417
727	80
728	61
728	539
729	584
730	22
730	125
730	159
730	524
732	313
732	588
733	26
733	49
733	613
733	794
734	496
734	514
734	633
735	322
736	370
737	541
738	27
738	375
738	653
739	260
739	730
740	432
742	17
742	34
742	54
743	770
744	708
746	110
746	186
746	380
746	523
746	733
749	401
749	767
750	645
750	735
751	51
751	738
752	175
752	242
752	692
754	155
754	373
757	145
758	697
761	683
765	84
765	197
766	519
768	437
769	115
769	520
770	262
771	149
772	18
772	83
772	665
774	793
775	152
775	207
775	601
776	162
777	569
778	757
779	404
780	214
782	535
783	269
784	130
784	225
784	707
785	660
786	140
786	580
787	415
787	629
788	439
788	482
789	263
789	620
790	188
791	80
791	325
791	558
791	657
791	743
792	620
793	550
793	702
793	779
796	411
796	660
797	48
797	74
797	93
797	419
797	733
799	45
799	165
799	480
-----------
0	36
0	145
1	632
2	289
3	266
3	759
4	145
4	437
4	756
5	136
5	240
8	36
8	691
9	225
10	771
12	129
14	81
14	161
14	522
14	784
16	92
16	141
16	419
18	220
18	577
19	167
19	763
21	104
21	560
22	324
23	401
23	471
24	137
24	145
24	263
24	632
25	68
25	308
26	195
26	279
26	318
27	754
28	415
28	514
28	625
29	792
30	255
31	88
31	432
34	633
34	730
36	657
38	680
39	26
39	594
40	120
40	702
41	535
44	231
46	131
46	552
46	668
47	125
49	530
52	676
53	496
55	46
55	84
55	203
55	249
57	401
57	544
58	281
59	33
60	24
60	76
60	264
60	643
63	783
64	86
65	635
67	285
67	461
69	137
69	297
70	16
70	405
70	414
70	660
70	692
72	141
72	150
72	199
72	212
73	561
74	544
74	580
74	681
75	262
76	329
76	702
77	134
77	609
78	331
78	429
78	583
79	316
79	616
80	93
80	318
81	70
82	167
82	517
83	760
84	52
84	421
85	200
85	566
86	74
86	285
86	587
87	80
87	382
88	115
88	655
89	713
91	378
91	798
92	517
93	213
95	549
96	148
96	196
96	692
98	325
98	476
100	188
100	640
100	750
101	404
101	514
101	726
102	82
104	188
105	152
105	266
105	423
106	408
107	661
109	106
111	100
112	231
113	43
113	297
113	392
114	376
114	733
115	720
116	780
116	794
117	646
118	163
118	734
119	350
120	629
122	485
123	108
123	291
124	672
125	194
126	493
126	726
127	184
127	194
127	281
127	379
128	191
128	619
129	317
129	378
129	610
129	710
130	145
130	146
130	171
130	601
130	683
131	138
131	145
131	392
132	523
132	542
133	128
133	151
133	470
134	249
135	19
135	61
135	203
135	350
135	784
136	346
136	563
136	731
137	266
137	273
137	372
137	776
138	269
139	367
139	473
141	208
141	421
142	104
142	419
142	697
143	101
143	133
143	541
144	91
144	462
145	508
145	699
146	500
146	687
149	294
150	48
151	318
152	472
152	605
153	20
153	434
156	25
157	58
157	439
157	580
158	49
158	670
159	631
159	683
161	18
162	216
162	513
165	412
166	162
167	197
168	246
168	356
168	486
169	162
170	89
170	109
170	748
171	12
171	245
171	577
172	484
173	488
174	135
175	103
179	89
180	706
181	519
182	64
182	235
183	7
183	153
184	21
185	731
186	6
186	474
187	616
188	393
188	660
188	707
188	730
189	55
189	138
190	418
190	600
192	485
192	659
193	273
193	460
195	621
196	591
197	440
197	771
199	421
199	687
200	57
201	143
201	495
202	222
202	496
203	71
203	206
203	755
204	229
204	557
205	533
205	728
207	213
207	445
207	703
208	199
208	544
209	294
209	635
210	55
210	196
210	237
210	292
210	631
211	792
213	767
214	14
214	321
214	536
214	583
215	401
215	610
217	197
219	389
219	570
220	631
221	8
221	585
224	337
225	25
225	702
226	104
226	685
227	242
227	373
228	85
228	98
229	104
229	695
230	97
231	249
232	767
233	228
233	765
234	331
234	505
235	87
235	200
235	491
236	66
236	99
236	347
236	433
237	79
237	476
237	679
237	798
238	617
239	404
241	138
241	605
242	727
243	180
245	243
245	474
246	186
246	331
248	480
249	18
249	170
249	390
249	792
250	214
252	548
252	799
253	503
254	102
254	482
255	550
258	16
259	253
259	454
259	603
260	164
260	631
261	166
261	174
261	178
261	496
262	64
262	712
263	418
263	691
264	433
264	759
265	75
265	236
265	349
265	442
266	366
266	717
267	196
268	210
268	283
268	356
268	408
268	730
270	231
270	445
270	545
271	481
272	239
272	296
272	379
272	406
273	215
273	494
274	173
274	337
274	457
275	677
276	632
276	672
277	33
278	17
278	437
278	574
279	198
282	288
283	549
283	580
284	15
284	372
286	498
286	784
287	208
287	633
288	14
290	58
290	127
290	188
290	370
291	188
292	518
292	565
292	738
294	146
295	727
297	702
298	556
300	58
301	641
302	80
306	196
306	438
306	548
307	71
308	92
308	125
308	596
308	660
309	66
309	190
309	316
309	770
310	390
311	76
311	526
312	25
312	486
312	603
313	519
314	16
314	416
315	346
316	31
316	145
320	757
320	766
321	98
321	102
321	642
321	677
322	611
322	789
323	472
323	603
324	537
325	110
325	252
325	589
326	57
326	259
326	385
329	166
329	175
329	657
330	138
332	296
332	369
333	159
333	182
334	200
336	57
336	299
336	304
336	469
337	435
337	560
339	435
340	88
340	108
340	133
341	277
341	594
341	669
342	681
343	217
343	229
343	537
344	52
344	707
346	732
347	779
349	216
349	262
349	478
351	199
353	337
353	341
353	591
354	222
354	223
356	406
356	666
356	715
358	652
359	9
359	43
360	364
360	492
360	761
361	422
362	228
363	103
363	622
363	757
364	1
364	78
364	393
364	510
364	755
365	355
365	532
366	642
367	311
367	364
368	26
368	295
369	187
370	141
374	94
374	686
375	33
376	336
378	323
378	517
378	661
378	764
379	44
379	90
379	799
380	35
380	38
380	236
383	480
383	659
384	165
384	588
385	94
385	426
386	76
386	255
389	592
390	76
390	549
391	177
392	512
393	218
393	273
393	460
398	642
399	198
399	446
400	237
400	661
400	682
401	120
402	305
402	342
403	155
403	332
403	421
404	43
404	651
405	604
406	159
408	65
408	218
408	775
409	4
409	46
409	263
409	620
410	69
411	207
411	715
412	27
412	605
413	340
413	408
413	721
414	180
414	380
414	478
415	347
415	784
416	167
417	16
417	660
417	717
418	672
420	516
421	96
421	191
421	473
422	605
422	623
423	749
424	443
425	108
425	660
425	664
425	667
425	722
425	748
426	777
428	169
428	566
429	13
430	75
430	609
430	719
431	313
431	568
433	399
434	539
435	246
435	466
435	637
435	781
436	550
437	357
437	726
438	224
438	259
439	379
439	553
440	216
440	365
440	728
441	318
441	366
441	778
442	256
443	752
444	797
445	644
447	350
447	401
447	500
447	663
448	485
449	375
449	403
450	165
450	174
450	492
450	525
451	180
452	502
453	391
453	465
453	638
454	318
454	563
454	743
455	539
455	729
456	370
456	624
456	697
457	40
458	584
458	668
460	365
460	608
461	394
462	427
463	796
465	359
465	499
465	676
466	768
467	512
467	790
471	33
471	570
472	593
472	700
473	414
474	413
475	40
475	241
476	455
478	242
478	623
479	181
479	665
480	24
480	487
482	378
483	22
483	286
483	447
484	160
484	166
484	327
484	503
485	386
485	451
485	588
486	131
487	166
487	224
487	237
488	791
490	330
490	665
490	796
492	102
492	767
493	118
493	323
495	4
497	779
498	178
500	589
500	777
501	407
501	705
502	136
503	329
504	74
504	440
504	616
505	349
505	710
506	19
506	469
506	650
506	667
507	78
507	608
507	776
508	556
509	263
509	313
509	482
509	581
511	258
512	275
513	583
514	337
514	650
514	763
515	58
516	273
516	730
517	85
517	370
517	425
519	586
520	40
520	65
521	174
521	662
522	114
522	342
522	404
523	21
523	652
524	276
525	83
525	117
526	360
526	676
528	664
530	483
531	8
531	42
531	544
532	103
533	172
533	178
534	121
534	186
534	214
534	480
535	173
538	143
538	279
538	439
539	237
539	362
539	631
540	475
541	556
541	599
541	625
541	740
542	753
543	266
544	587
545	257
545	717
546	402
546	753
548	49
549	245
549	666
551	393
553	371
553	425
553	753
555	111
555	362
557	500
559	96
559	326
559	711
560	22
560	64
560	627
560	737
561	48
561	366
562	325
562	430
562	435
563	240
563	245
564	499
564	644
565	19
565	312
566	71
566	315
566	676
568	132
568	611
569	759
570	349
571	461
571	746
572	426
572	479
573	312
573	417
573	634
574	140
574	247
575	35
577	108
577	569
578	105
580	395
582	132
582	520
582	589
583	416
583	532
583	593
583	668
584	357
586	446
587	507
587	723
588	272
588	675
589	150
590	526
591	219
591	536
592	472
594	642
594	692
596	72
598	578
598	590
599	116
599	448
600	452
600	540
601	723
602	251
603	296
603	705
604	260
605	22
605	100
605	210
605	632
606	443
606	537
608	375
609	553
610	44
610	675
612	176
612	622
613	249
613	430
614	451
615	450
616	167
616	302
616	415
618	43
618	44
618	657
619	186
619	206
619	483
622	30
623	143
624	609
625	130
625	569
626	238
626	528
627	316
627	507
628	330
628	524
629	200
630	75
630	736
631	1
631	135
631	168
632	660
633	101
633	191
633	467
633	484
633	713
633	724
634	23
636	298
638	438
638	532
640	544
641	341
641	777
642	39
642	314
642	638
643	478
643	619
644	132
644	619
645	662
646	43
646	452
647	467
647	564
648	649
650	411
651	144
652	451
653	300
653	313
654	216
654	280
654	663
655	159
655	208
656	61
657	419
657	760
660	24
662	480
663	799
664	20
665	287
665	434
665	497
665	542
666	640
667	156
667	191
667	503
668	140
668	173
668	481
669	221
670	714
670	763
673	483
673	594
675	320
675	686
676	358
677	381
678	50
679	721
681	11
681	564
681	589
682	250
682	280
682	560
682	572
682	604
683	100
683	208
684	258
684	289
685	171
685	706
685	797
686	6
686	188
686	763
687	325
687	347
688	127
688	130
688	685
690	614
690	687
690	791
691	615
691	620
694	384
694	398
694	514
694	751
695	498
695	665
696	285
697	47
698	292
698	306
699	277
700	501
700	714
701	300
701	465
701	536
702	198
705	262
705	606
706	304
706	411
706	496
707	514
708	182
708	426
709	392
712	543
713	217
714	333
714	768
714	773
716	24
716	269
716	270
716	602
717	102
718	194
724	566
725	570
726	210
726	417
727	97
728	61
728	539
729	584
730	117
730	125
730	159
730	524
732	541
732	588
733	26
733	49
733	107
733	613
734	74
734	89
734	514
735	322
736	624
737	541
738	15
738	27
738	653
739	644
739	718
740	432
742	34
742	54
742	233
743	109
744	708
746	110
746	230
746	248
746	380
746	733
749	236
749	767
750	645
750	735
751	51
751	738
752	175
752	592
752	692
754	155
754	373
757	2
758	726
761	283
765	84
765	716
766	519
768	437
769	80
769	520
770	262
771	149
772	83
772	362
772	590
774	793
775	207
775	276
775	605
776	162
777	611
778	757
779	404
780	638
782	45
783	269
784	225
784	359
784	707
785	105
786	140
786	580
787	415
787	629
788	349
788	525
789	263
789	620
790	678
791	147
791	325
791	532
791	558
791	769
792	426
793	97
793	218
793	728
796	280
796	531
797	48
797	93
797	232
797	729
797	736
799	45
799	51
799	298
-----------
0	36
0	145
1	520
2	289
3	580
3	792
4	145
4	337
4	437
5	437
5	714
8	438
8	691
9	225
10	159
12	129
14	603
14	605
14	625
14	644
16	141
16	221
16	760
18	220
18	716
19	536
19	763
21	104
21	514
22	324
23	401
23	471
24	78
24	172
24	570
24	666
25	308
25	473
26	195
26	279
26	318
27	754
28	167
28	531
28	669
29	767
30	393
31	137
31	432
34	248
34	776
36	657
38	381
39	58
39	263
40	120
40	702
41	519
44	231
46	131
46	552
46	668
47	660
49	530
52	262
53	496
55	27
55	167
55	203
55	249
57	236
57	544
58	281
59	33
60	40
60	76
60	264
60	425
63	105
64	482
65	587
67	6
67	461
69	399
69	796
70	401
70	405
70	499
70	692
70	773
72	109
72	141
72	199
72	632
73	659
74	544
74	580
74	681
75	166
76	498
76	702
77	134
77	609
78	314
78	347
78	429
79	90
79	435
80	93
80	719
81	197
82	161
82	517
83	433
84	198
84	503
85	662
85	677
86	622
86	635
86	794
87	604
87	677
88	266
88	638
89	713
91	40
91	378
92	517
93	213
95	263
96	148
96	514
96	692
98	325
98	350
100	188
100	640
100	750
101	404
101	500
101	726
102	649
104	678
105	152
105	423
105	655
106	418
107	661
109	106
111	100
112	661
113	43
113	392
113	660
114	121
114	736
115	478
116	285
116	780
117	646
118	135
118	163
119	476
120	629
122	485
123	108
123	393
124	672
125	26
126	216
126	726
127	184
127	229
127	273
127	281
128	191
128	317
129	245
129	610
129	619
129	710
130	145
130	171
130	414
130	605
130	797
131	131
131	145
131	715
132	331
132	728
133	45
133	605
133	783
134	249
135	19
135	61
135	203
135	350
135	784
136	346
136	563
136	731
137	81
137	379
137	620
137	776
138	275
139	367
139	784
141	208
141	421
142	231
142	395
142	697
143	101
143	133
143	541
144	210
144	462
145	144
145	699
146	500
146	687
149	748
150	48
151	417
152	472
152	501
153	20
153	434
156	327
157	58
157	64
157	439
158	49
158	670
159	66
159	683
161	590
162	216
162	513
165	412
166	162
167	668
168	246
168	356
168	486
169	331
170	279
170	748
170	757
171	12
171	245
171	577
172	484
173	194
174	135
175	191
179	89
180	706
181	519
182	64
182	621
183	7
183	39
184	49
185	433
186	438
186	681
187	616
188	44
188	140
188	357
188	393
189	55
189	435
190	200
190	600
192	14
192	485
193	273
193	460
195	235
196	591
197	440
197	771
199	615
199	687
200	57
201	285
201	495
202	206
202	222
203	71
203	206
203	769
204	138
204	557
205	533
205	728
207	89
207	325
207	445
208	199
208	349
209	419
209	708
210	55
210	118
210	188
210	237
210	292
211	61
213	767
214	46
214	536
214	583
214	730
215	401
215	610
217	465
219	145
219	497
220	631
221	8
221	362
224	337
225	208
225	702
226	181
226	233
227	373
227	592
228	98
228	101
229	104
229	680
230	97
231	249
232	767
233	237
233	765
234	556
234	771
235	491
235	676
235	700
236	64
236	99
236	180
236	731
237	283
237	580
237	679
237	798
238	617
239	404
241	138
241	447
242	476
243	33
245	243
245	474
246	337
246	408
248	480
249	43
249	170
249	390
249	792
250	292
252	548
252	799
253	145
254	1
254	482
255	550
258	16
259	138
259	253
259	454
260	631
260	726
261	174
261	178
261	442
261	496
262	415
262	712
263	180
263	691
264	496
264	759
265	75
265	236
265	262
265	544
266	366
266	717
267	196
268	91
268	125
268	356
268	561
268	730
270	231
270	445
270	545
271	481
272	239
272	296
272	379
272	385
273	215
273	494
274	173
274	389
274	457
275	80
276	632
276	672
277	480
278	17
278	437
278	574
279	143
282	136
283	549
283	580
284	15
284	372
286	593
286	784
287	25
287	633
288	14
290	127
290	188
290	224
290	594
291	631
292	518
292	565
292	738
294	277
295	727
297	702
298	316
300	58
301	337
302	160
306	548
306	564
306	599
307	107
308	125
308	132
308	291
308	660
309	66
309	190
309	316
309	770
310	390
311	76
311	526
312	25
312	404
312	486
313	519
314	16
314	283
315	469
316	461
316	560
320	143
320	766
321	98
321	102
321	386
321	451
322	130
322	789
323	472
323	603
324	537
325	110
325	252
325	589
326	57
326	259
326	467
329	175
329	362
329	755
330	138
332	296
332	369
333	159
333	182
334	408
336	57
336	299
336	304
336	346
337	560
337	603
339	556
340	108
340	149
340	349
341	277
341	415
341	594
342	474
343	217
343	229
343	667
344	52
344	707
346	581
347	705
349	262
349	478
349	493
351	763
353	341
353	591
353	695
354	222
354	223
356	140
356	406
356	666
358	652
359	9
359	104
360	136
360	364
360	775
361	525
362	178
363	465
363	757
363	768
364	78
364	102
364	255
364	510
364	755
365	169
365	532
366	22
367	311
367	539
368	26
368	332
369	187
370	141
374	443
374	686
375	33
376	336
378	323
378	517
378	661
378	764
379	318
379	358
379	799
380	35
380	38
380	632
383	298
383	659
384	51
384	588
385	52
385	94
386	76
386	255
389	592
390	74
390	549
391	177
392	512
393	26
393	218
393	273
398	642
399	198
399	446
400	125
400	682
400	692
401	120
402	305
402	516
403	155
403	246
403	379
404	43
404	651
405	650
406	237
408	65
408	218
408	720
409	4
409	321
409	620
409	799
410	69
411	207
411	715
412	27
412	470
413	340
413	408
413	721
414	380
414	406
414	478
415	68
415	583
416	373
417	237
417	297
417	717
418	355
420	342
421	96
421	473
421	589
422	605
422	665
423	749
424	443
425	54
425	76
425	108
425	660
425	664
425	722
426	777
428	566
428	672
429	13
430	75
430	318
430	733
431	532
431	609
433	392
434	539
435	97
435	466
435	553
435	624
436	550
437	150
437	416
438	259
438	370
439	295
439	421
440	216
440	242
440	728
441	167
441	366
441	707
442	256
443	752
444	797
445	644
447	143
447	196
447	350
447	663
448	313
449	375
449	403
450	165
450	492
450	583
450	629
451	347
452	502
453	70
453	287
453	717
454	318
454	563
454	743
455	539
455	729
456	164
456	228
456	370
457	238
458	584
458	668
460	411
460	434
461	503
462	427
463	796
465	359
465	499
465	676
466	103
467	544
467	790
471	33
471	313
472	200
472	593
473	730
474	413
475	24
475	241
476	532
478	623
478	724
479	104
479	665
480	24
480	487
482	178
483	498
483	605
483	642
484	25
484	166
484	421
484	781
485	200
485	329
485	642
486	736
487	166
487	224
487	483
488	791
490	297
490	330
490	623
492	102
492	767
493	349
493	660
495	4
497	650
498	426
500	217
500	777
501	407
501	705
502	492
503	588
504	419
504	440
504	616
505	349
505	710
506	218
506	566
506	676
506	759
507	232
507	372
507	608
508	162
509	86
509	460
509	730
509	732
511	258
512	269
513	174
514	191
514	604
514	609
515	58
516	273
516	522
517	85
517	370
517	425
519	586
520	40
520	65
521	660
521	662
522	114
522	342
522	784
523	21
523	652
524	276
525	83
525	117
526	360
526	469
528	664
530	505
531	42
531	196
531	544
532	103
533	236
533	378
534	186
534	280
534	376
534	401
535	173
538	212
538	439
538	570
539	16
539	585
539	631
540	414
541	196
541	556
541	625
541	740
542	753
543	507
544	587
545	257
545	294
546	402
546	753
548	455
549	137
549	245
551	596
553	371
553	643
553	753
555	111
555	146
557	500
559	96
559	326
559	711
560	79
560	117
560	627
560	737
561	520
561	760
562	21
562	325
562	734
563	240
563	633
564	16
564	644
565	19
565	312
566	71
566	315
566	676
568	132
568	200
569	19
570	488
571	683
571	746
572	426
572	479
573	312
573	318
573	634
574	140
574	247
575	35
577	108
577	611
578	105
580	306
582	132
582	357
582	589
583	159
583	286
583	416
583	532
584	726
586	446
587	507
587	723
588	272
588	675
589	150
590	526
591	219
591	536
592	472
594	642
594	692
596	72
598	578
598	590
599	116
599	448
600	452
600	540
601	723
602	251
603	296
603	779
604	260
605	22
605	100
605	632
605	729
606	537
606	570
608	15
609	553
610	44
610	675
612	176
612	622
613	208
613	430
614	451
615	450
616	167
616	302
616	631
618	43
618	44
618	657
619	186
619	417
619	483
622	30
623	426
624	568
625	569
625	611
626	528
626	798
627	266
627	316
628	330
628	524
629	611
630	75
630	210
631	1
631	168
631	435
632	8
633	85
633	242
633	467
633	484
633	638
633	713
634	23
636	298
638	6
638	480
640	512
641	341
641	777
642	153
642	451
642	537
643	619
643	761
644	92
644	619
645	779
646	43
646	452
647	180
647	564
648	82
650	103
651	508
652	638
653	300
653	485
654	216
654	280
654	663
655	115
655	249
656	266
657	48
657	419
660	24
662	418
663	549
664	20
665	18
665	365
665	391
665	756
666	640
667	156
667	394
667	763
668	133
668	166
668	481
669	88
670	288
670	763
673	483
673	594
675	320
675	686
676	616
677	186
678	792
679	721
681	2
681	11
681	36
682	250
682	280
682	382
682	560
682	572
683	100
683	641
684	258
684	289
685	171
685	191
685	706
686	188
686	199
686	703
687	174
687	347
688	127
688	130
688	685
690	313
690	614
690	791
691	266
691	421
694	384
694	398
694	514
694	751
695	329
695	665
696	285
697	47
698	74
698	214
699	362
700	263
700	714
701	84
701	300
701	322
702	198
705	87
705	606
706	304
706	411
706	542
707	514
708	182
708	637
709	392
712	543
713	589
714	31
714	333
714	768
716	24
716	269
716	270
716	602
717	102
718	194
724	566
725	94
726	210
726	214
727	80
728	61
728	364
729	584
730	22
730	159
730	228
730	524
732	588
732	687
733	49
733	71
733	194
733	613
734	74
734	89
734	514
735	577
736	624
737	541
738	46
738	375
738	653
739	146
739	718
740	432
742	34
742	331
742	685
743	109
744	635
746	110
746	230
746	380
746	523
746	733
749	50
749	475
750	645
750	735
751	51
751	738
752	175
752	365
752	542
754	155
754	778
757	503
758	697
761	727
765	84
765	197
766	535
768	240
769	147
769	366
770	262
771	88
772	18
772	83
772	173
774	793
775	207
775	276
775	601
776	162
777	569
778	757
779	404
780	92
782	128
783	269
784	225
784	359
784	707
785	151
786	541
786	759
787	415
787	422
788	323
788	525
789	263
789	620
790	188
791	80
791	213
791	430
791	558
791	657
792	426
793	97
793	496
793	667
796	325
796	608
797	48
797	93
797	208
797	294
797	378
799	45
799	165
799	480
-----------
0	36
0	145
1	632
2	289
3	266
3	541
4	145
4	437
4	756
5	240
5	714
8	102
8	502
9	225
10	237
12	129
14	501
14	522
14	524
14	603
16	92
16	141
16	536
18	578
18	605
19	624
19	763
21	104
21	514
22	437
23	19
23	471
24	263
24	570
24	632
24	666
25	308
25	784
26	184
26	375
26	669
27	754
28	360
28	531
28	625
29	792
30	393
31	88
31	432
34	232
34	248
36	665
38	337
39	263
39	594
40	120
40	174
41	535
44	399
46	131
46	552
46	668
47	416
49	530
52	87
53	496
55	46
55	225
55	325
55	487
57	544
57	678
58	281
59	33
60	40
60	294
60	588
60	643
63	783
64	86
65	635
67	285
67	500
69	137
69	796
70	27
70	405
70	499
70	692
70	773
72	141
72	150
72	199
72	212
73	659
74	544
74	580
74	681
75	262
76	285
76	498
77	134
77	609
78	188
78	347
78	406
79	90
79	316
80	93
80	318
81	638
82	101
82	517
83	760
84	198
84	421
85	566
85	677
86	331
86	500
86	587
87	80
87	382
88	4
88	115
89	713
91	198
91	798
92	517
93	213
95	549
96	20
96	514
96	692
98	325
98	657
100	169
100	683
100	750
101	196
101	549
101	711
102	646
104	349
105	152
105	401
105	423
106	173
107	661
109	726
111	100
112	609
113	43
113	392
113	660
114	376
114	736
115	720
116	38
116	780
117	82
118	135
118	163
119	350
120	629
122	485
123	291
123	558
124	672
125	76
126	106
126	493
127	273
127	281
127	296
127	349
128	191
128	317
129	121
129	610
129	619
129	710
130	145
130	171
130	188
130	414
130	767
131	131
131	140
131	145
132	728
132	794
133	45
133	470
133	586
134	249
135	61
135	203
135	350
135	401
135	784
136	191
136	346
136	731
137	372
137	379
137	620
137	662
138	269
139	367
139	473
141	312
141	359
142	231
142	395
142	697
143	133
143	161
143	572
144	210
144	462
145	508
145	699
146	15
146	687
149	264
150	48
151	318
152	605
152	677
153	148
153	434
156	591
157	58
157	64
157	439
158	49
158	98
159	532
159	683
161	590
162	216
162	513
165	635
166	257
167	668
168	246
168	356
168	486
169	331
170	180
170	279
170	757
171	245
171	553
171	577
172	484
173	488
174	707
175	103
179	89
180	706
181	519
182	64
182	235
183	7
183	153
184	430
185	433
186	6
186	681
187	616
188	40
188	174
188	393
188	707
189	55
189	603
190	418
190	600
192	14
192	485
193	273
193	415
195	621
196	591
197	167
197	440
199	341
199	421
200	57
201	6
201	495
202	222
202	496
203	206
203	755
203	757
204	133
204	318
205	533
205	728
207	445
207	631
207	703
208	199
208	727
209	294
209	412
210	55
210	188
210	256
210	584
210	587
211	61
213	220
214	321
214	536
214	583
214	730
215	266
215	610
217	730
219	145
219	497
220	213
221	8
221	362
224	337
225	208
225	702
226	104
226	685
227	623
227	781
228	24
228	98
229	104
229	519
230	97
231	249
232	65
233	228
233	765
234	162
234	483
235	200
235	491
235	676
236	99
236	289
236	631
236	731
237	476
237	480
237	679
237	798
238	617
239	404
241	415
241	594
242	727
243	33
245	243
245	474
246	76
246	186
248	138
249	43
249	421
249	461
249	692
250	292
252	548
252	740
253	503
254	1
254	482
255	550
258	16
259	74
259	253
259	454
260	164
260	631
261	178
261	442
261	496
261	583
262	64
262	712
263	480
263	539
264	195
264	206
265	166
265	236
265	330
265	349
266	366
266	717
267	500
268	91
268	356
268	465
268	561
268	708
270	231
270	370
270	545
271	481
272	296
272	378
272	379
272	480
273	215
273	494
274	125
274	173
274	457
275	472
276	632
276	672
277	180
278	17
278	324
278	574
279	143
282	288
283	549
283	580
284	65
284	372
286	111
286	593
287	25
287	633
288	413
290	58
290	127
290	370
290	565
291	657
292	314
292	518
292	738
294	337
295	208
297	702
298	435
300	58
301	641
302	97
306	36
306	548
306	599
307	71
308	92
308	125
308	393
308	660
309	66
309	190
309	316
309	532
310	390
311	76
311	526
312	25
312	404
312	486
313	680
314	16
314	366
315	469
316	170
316	560
320	89
320	766
321	102
321	451
321	642
321	670
322	611
322	789
323	472
323	603
324	537
325	110
325	252
325	589
326	57
326	259
326	467
329	166
329	175
329	769
330	138
332	299
332	347
333	159
333	182
334	408
336	296
336	304
336	588
336	761
337	168
337	435
339	556
340	88
340	108
340	229
341	313
341	447
341	631
342	474
343	217
343	229
343	537
344	52
344	707
346	581
347	779
349	216
349	262
349	478
351	763
353	327
353	341
353	695
354	222
354	223
356	429
356	666
356	715
358	652
359	9
359	18
360	364
360	478
360	492
361	422
362	178
363	103
363	622
363	757
364	78
364	102
364	255
364	510
364	755
365	66
365	672
366	22
367	311
367	364
368	26
368	332
369	187
370	141
374	94
374	792
375	33
376	336
378	517
378	661
378	764
378	770
379	44
379	358
379	799
380	35
380	172
380	433
383	298
383	659
384	51
384	588
385	52
385	94
386	255
386	408
389	592
390	79
390	726
391	177
392	512
393	26
393	218
393	273
398	263
399	378
399	446
400	104
400	237
400	682
401	452
402	249
402	342
403	12
403	155
403	295
404	651
404	759
405	604
406	159
408	74
408	218
408	775
409	46
409	251
409	620
409	799
410	69
411	207
411	715
412	27
412	605
413	340
413	408
413	721
414	75
414	380
414	406
415	320
415	784
416	771
417	237
417	297
417	717
418	355
420	516
421	96
421	191
421	473
422	605
422	665
423	749
424	443
425	18
425	528
425	664
425	667
425	722
425	748
426	580
428	566
428	640
429	13
430	196
430	337
430	478
431	366
431	480
433	231
434	691
435	246
435	466
435	592
435	624
436	550
437	520
437	726
438	11
438	259
439	379
439	421
440	216
440	365
440	728
441	125
441	557
441	778
442	237
443	752
444	797
445	644
447	143
447	285
447	350
447	663
448	277
449	375
449	403
450	165
450	492
450	525
450	583
451	748
452	438
453	24
453	70
453	287
454	318
454	563
454	743
455	539
455	660
456	445
456	637
456	726
457	238
458	292
458	668
460	173
460	608
461	503
462	427
463	796
465	499
465	676
465	716
466	768
467	544
467	790
471	33
471	313
472	593
472	700
473	663
474	14
475	357
475	616
476	532
478	242
478	373
479	181
479	665
480	167
480	465
482	415
483	498
483	605
483	642
484	159
484	160
484	166
484	503
485	149
485	200
485	329
486	392
487	166
487	224
487	771
488	791
490	75
490	117
490	297
492	102
492	767
493	236
493	660
495	4
497	779
498	228
500	655
500	777
501	407
501	705
502	590
503	346
504	101
504	306
504	440
505	349
505	710
506	218
506	650
506	676
506	759
507	78
507	608
507	776
508	556
509	460
509	482
509	541
509	732
511	258
512	171
513	174
514	609
514	650
514	763
515	58
516	273
516	644
517	85
517	370
517	425
519	151
520	40
520	767
521	662
521	667
522	114
522	342
522	702
523	21
523	652
524	276
525	117
525	402
526	318
526	469
528	664
530	505
531	42
531	196
531	544
532	460
533	236
533	378
534	2
534	186
534	385
534	401
535	200
538	109
538	439
538	570
539	16
539	24
539	585
540	414
541	196
541	556
541	625
541	799
542	753
543	507
544	118
545	162
545	717
546	83
546	753
548	49
549	43
549	137
551	596
553	371
553	425
553	753
555	362
555	784
557	461
559	43
559	96
559	404
560	76
560	623
560	627
560	737
561	48
561	71
562	21
562	325
562	734
563	240
563	245
564	16
564	644
565	19
565	312
566	266
566	315
566	676
568	132
568	200
569	19
570	194
571	746
571	797
572	426
572	479
573	417
573	634
573	792
574	219
574	247
575	35
577	108
577	611
578	105
580	435
582	132
582	241
582	589
583	31
583	159
583	323
583	723
584	357
586	446
587	286
587	507
588	272
588	675
589	150
590	526
591	140
591	536
592	472
594	140
594	642
596	72
598	136
598	577
599	197
599	325
600	452
600	540
601	723
602	217
603	245
603	705
604	260
605	100
605	365
605	632
605	729
606	537
606	570
608	15
609	553
610	44
610	675
612	176
612	622
613	266
613	430
614	451
615	450
616	103
616	302
616	541
618	44
618	326
618	476
619	186
619	483
619	702
622	30
623	426
624	568
625	130
625	569
626	729
626	730
627	249
627	316
628	167
628	330
629	611
630	75
630	210
631	1
631	419
631	560
632	8
633	85
633	467
633	484
633	563
633	713
633	724
634	23
636	298
638	438
638	532
640	512
641	687
641	777
642	39
642	331
642	451
643	57
643	619
644	132
644	619
645	776
646	43
646	120
647	347
647	564
648	649
650	280
651	144
652	638
653	300
653	485
654	146
654	216
654	280
655	197
655	208
656	686
657	419
657	760
660	594
662	418
663	263
664	20
665	389
665	391
665	434
665	542
666	640
667	156
667	191
667	394
668	138
668	362
668	481
669	221
670	136
670	763
673	239
673	483
675	68
675	686
676	616
677	381
678	50
679	182
681	224
681	564
681	589
682	250
682	280
682	560
682	604
682	759
683	100
683	544
684	180
684	258
685	275
685	443
685	706
686	143
686	188
686	199
687	203
687	369
688	127
688	130
688	685
690	614
690	687
690	791
691	47
691	661
694	384
694	398
694	514
694	751
695	329
695	631
696	719
697	615
698	138
698	214
699	146
700	81
700	714
701	300
701	359
701	736
702	198
705	262
705	606
706	304
706	411
706	542
707	514
708	404
708	721
709	392
712	543
713	589
714	333
714	416
714	768
716	24
716	269
716	519
716	602
717	691
718	194
724	566
725	638
726	210
726	417
727	80
728	61
728	539
729	584
730	22
730	25
730	277
730	524
732	194
732	313
733	26
733	49
733	107
733	613
734	51
734	74
734	89
735	322
736	84
737	167
738	279
738	475
738	718
739	653
739	730
740	432
742	34
742	54
742	233
743	109
744	283
746	110
746	230
746	380
746	523
746	733
749	401
749	767
750	645
750	735
751	514
751	738
752	175
752	242
752	692
754	155
754	373
757	145
758	697
761	283
765	84
765	116
766	270
768	437
769	147
769	520
770	262
771	386
772	22
772	83
772	108
774	793
775	207
775	276
775	601
776	162
777	569
778	71
779	426
780	214
782	128
783	269
784	135
784	208
784	305
785	105
786	390
786	580
787	178
787	629
788	323
788	525
789	620
789	642
790	188
791	80
791	108
791	448
791	455
791	657
792	426
793	97
793	496
793	660
796	411
796	660
797	48
797	93
797	419
797	633
797	733
799	45
799	165
799	777
-----------
