0	226
2	373
3	379
4	533
8	234
9	209
10	50
10	432
11	94
11	559
13	153
13	429
14	521
15	47
16	198
16	243
16	272
16	356
17	260
17	312
19	562
20	22
20	255
20	370
20	483
21	307
22	114
22	132
24	160
24	523
25	80
25	410
26	302
27	308
27	429
28	455
31	117
31	160
33	279
33	524
34	15
34	253
34	429
37	101
37	147
37	273
38	311
40	133
41	545
42	262
43	369
44	302
44	486
44	498
45	266
45	361
46	475
47	519
47	595
50	282
50	329
50	414
51	19
53	363
54	156
54	208
54	379
54	558
55	267
56	472
57	239
58	323
58	530
59	344
59	481
60	296
60	437
61	277
61	300
61	548
62	373
63	146
64	184
66	73
66	193
67	157
67	417
67	585
68	178
68	352
69	161
69	386
69	570
71	179
71	506
73	423
74	38
74	494
75	204
77	278
77	281
77	480
77	505
78	109
79	101
80	26
80	240
80	525
80	568
81	76
81	134
81	517
83	4
83	23
83	207
84	239
85	135
85	204
86	10
86	101
86	209
86	221
86	307
87	282
88	88
89	385
91	563
92	256
92	570
93	212
94	569
96	414
98	329
99	491
99	496
100	208
100	541
101	122
101	457
101	495
103	377
104	366
104	570
105	149
105	157
105	160
105	164
105	281
105	293
105	457
106	116
108	40
109	260
109	265
109	440
111	124
111	135
111	305
112	125
112	213
112	478
113	2
113	148
113	309
114	251
114	397
114	466
114	571
115	405
115	447
118	174
118	348
120	123
122	104
122	134
125	446
126	197
126	516
127	250
127	266
127	406
128	586
129	364
129	370
129	547
130	6
130	301
131	60
131	287
132	371
133	213
135	527
136	165
136	211
137	228
137	291
137	419
138	166
139	339
141	130
141	258
141	281
141	288
141	349
141	477
142	10
142	217
142	303
143	222
144	298
145	85
145	139
145	255
145	346
145	446
145	570
146	196
146	291
147	399
148	164
149	148
149	527
149	576
149	595
150	0
151	194
152	121
153	26
153	279
154	467
155	191
155	468
156	280
157	135
159	219
160	103
162	521
164	105
164	148
165	279
166	420
167	296
167	559
167	578
168	271
168	470
169	181
169	224
169	331
169	567
171	314
172	385
172	469
173	59
174	86
175	375
175	475
175	479
176	340
177	420
178	55
179	143
179	148
179	598
181	75
181	287
182	370
183	425
184	427
185	231
185	248
185	277
187	410
187	447
187	593
190	559
191	85
191	254
191	395
191	522
192	266
192	318
192	595
193	102
193	168
193	319
195	261
195	538
196	190
196	525
198	90
198	419
198	478
199	590
200	199
200	216
200	406
202	158
204	430
205	205
205	524
207	55
207	140
207	304
208	263
208	300
209	86
209	271
209	402
209	438
209	488
210	347
210	478
211	95
211	249
211	419
211	521
212	190
212	383
214	260
214	532
215	160
216	172
217	186
217	243
218	485
220	13
220	382
221	117
221	146
222	12
222	47
223	72
223	222
224	75
224	347
224	562
225	382
226	136
226	307
226	369
226	496
228	74
229	369
229	432
230	547
232	336
233	13
235	282
235	353
235	497
235	558
236	43
236	46
237	47
237	531
237	597
238	424
239	24
239	215
239	434
241	261
243	515
244	65
244	229
244	333
245	166
248	237
248	573
248	574
248	596
249	155
249	413
252	529
254	309
255	25
255	133
255	135
255	176
256	74
256	137
256	145
257	30
258	16
258	106
259	195
260	315
261	138
261	255
261	359
262	381
263	580
266	219
266	334
266	456
268	323
268	477
268	489
269	501
270	310
270	599
273	8
273	103
275	22
276	179
276	247
276	413
277	3
277	527
277	593
279	4
279	50
280	441
280	568
281	6
283	440
284	370
284	532
285	241
287	433
287	530
288	486
289	114
289	378
290	51
290	249
290	361
292	69
292	237
293	401
294	368
295	235
295	452
295	551
297	553
298	234
299	314
299	491
300	261
301	17
301	268
302	126
302	261
302	430
303	254
303	538
305	56
305	161
305	459
305	474
306	483
307	13
307	306
307	552
308	101
308	157
308	297
309	189
310	111
310	178
310	354
312	97
312	246
314	415
314	495
315	43
315	226
315	278
315	497
316	291
316	296
316	354
316	547
317	75
317	322
318	314
318	390
321	315
321	595
322	259
322	309
322	432
322	532
323	42
323	352
323	433
324	81
325	539
326	3
326	194
326	273
326	450
328	217
329	37
330	411
330	472
331	289
332	588
333	568
334	376
334	468
335	32
337	70
337	95
337	576
338	234
338	400
340	577
342	34
342	432
343	152
343	317
345	197
345	450
347	17
347	72
347	83
347	323
347	329
348	543
349	129
349	201
351	105
351	147
351	168
351	302
352	532
353	518
354	16
354	62
355	107
357	478
357	501
358	105
359	83
360	75
360	154
360	201
360	227
360	456
361	596
362	58
362	344
362	515
362	565
363	0
365	35
367	142
367	189
367	198
369	71
369	76
370	206
371	184
371	346
373	423
373	499
374	66
374	103
374	397
374	423
375	323
375	466
376	235
377	112
377	118
377	198
377	463
377	549
378	91
380	257
381	282
381	401
381	469
382	335
383	555
384	145
384	168
384	462
384	546
385	193
385	484
385	515
385	541
387	282
387	441
388	466
389	94
389	126
389	303
391	65
392	149
393	330
393	558
394	12
395	124
395	391
396	111
396	304
397	17
397	367
397	379
397	406
399	376
400	246
401	312
401	465
402	71
402	310
403	468
404	211
405	153
405	358
406	119
407	153
409	17
411	198
411	576
412	146
413	109
413	552
414	406
417	14
417	379
419	138
419	440
419	470
419	586
420	275
421	326
422	280
424	274
424	367
425	98
426	39
426	196
426	243
426	468
429	94
429	108
429	157
429	198
430	260
430	382
431	132
431	174
433	93
433	317
434	299
435	545
437	72
437	583
438	59
438	367
439	130
439	181
440	266
441	61
441	69
441	243
441	323
443	583
444	37
444	574
445	269
445	430
445	560
446	22
446	150
446	431
447	183
447	227
447	476
448	320
449	508
450	103
450	314
451	67
451	351
451	390
452	3
452	304
452	323
453	97
453	103
453	419
453	501
453	561
454	481
457	166
458	350
459	59
459	103
459	293
460	348
461	307
462	91
462	271
464	499
468	322
469	92
469	193
469	402
469	535
470	63
470	583
471	43
471	455
473	372
474	400
474	528
475	5
476	9
476	110
476	235
476	434
479	44
479	599
481	413
481	583
483	174
483	186
484	335
484	362
484	556
486	261
487	297
487	345
488	526
488	531
490	80
490	400
490	416
492	24
495	162
496	82
496	102
497	96
497	461
498	424
500	136
500	328
501	572
502	320
502	355
502	472
503	310
504	453
504	560
505	167
505	209
505	316
506	350
506	386
508	413
508	528
508	593
509	268
509	278
510	312
511	159
511	443
512	418
513	87
513	235
514	28
516	146
516	150
516	361
517	264
518	555
519	479
520	471
522	230
522	312
522	313
523	442
524	347
525	543
528	109
528	283
528	566
528	588
529	202
529	470
529	496
530	452
531	253
531	472
531	569
533	199
534	567
535	52
535	191
535	203
535	327
537	9
538	106
538	532
539	202
539	224
539	265
539	564
540	54
540	309
540	487
540	497
542	536
542	550
543	16
543	146
544	13
544	268
544	310
544	534
545	225
545	239
545	499
546	271
546	389
547	147
548	170
549	152
549	180
549	497
550	84
550	167
550	295
551	11
551	263
552	153
552	561
553	159
554	592
555	417
555	589
556	521
557	57
557	341
558	122
558	557
561	73
561	276
562	259
562	479
563	381
564	494
564	570
565	530
566	145
568	484
569	171
570	137
570	407
570	501
571	211
571	387
572	245
572	435
573	132
573	380
573	400
573	451
574	78
574	101
575	17
575	203
575	385
578	568
579	313
580	475
581	83
581	205
581	219
582	219
582	241
582	451
583	498
585	25
585	328
585	420
585	518
586	39
586	170
587	348
588	312
588	465
589	131
590	3
590	143
591	74
592	571
593	43
593	47
596	263
596	516
596	598
598	97
598	192
599	111
-----------
0	226
2	373
3	379
4	533
8	234
9	110
10	50
10	432
11	71
11	530
13	153
13	429
14	521
15	47
16	198
16	243
16	272
16	356
17	260
17	312
19	17
20	22
20	35
20	295
20	483
21	307
22	132
22	400
24	160
24	523
25	410
25	416
26	302
27	308
27	429
28	455
31	117
31	382
33	279
33	524
34	15
34	253
34	429
37	101
37	212
37	312
38	311
40	133
41	545
42	262
43	369
44	302
44	486
44	498
45	266
45	569
46	596
47	519
47	595
50	329
50	414
50	597
51	19
53	363
54	208
54	260
54	379
54	558
55	267
56	472
57	532
58	323
58	530
59	479
59	481
60	296
60	437
61	209
61	300
61	457
62	373
63	146
64	184
66	73
66	193
67	157
67	417
67	585
68	178
68	352
69	161
69	386
69	570
71	3
71	506
73	423
74	38
74	494
75	204
77	278
77	298
77	480
77	501
78	221
79	101
80	276
80	405
80	481
80	568
81	355
81	517
81	524
83	4
83	23
83	207
84	239
85	135
85	204
86	4
86	10
86	132
86	253
86	438
87	282
88	88
89	385
91	563
92	256
92	570
93	147
94	74
96	414
98	329
99	203
99	491
100	203
100	484
101	72
101	122
101	495
103	323
104	366
104	379
105	149
105	157
105	160
105	164
105	281
105	293
105	548
106	116
108	40
109	156
109	265
109	440
111	124
111	135
111	305
112	125
112	213
112	478
113	2
113	148
113	309
114	251
114	397
114	466
114	571
115	447
115	461
118	174
118	348
120	123
122	180
122	571
125	446
126	197
126	516
127	250
127	266
127	406
128	586
129	171
129	248
129	370
130	6
130	301
131	60
131	406
132	371
133	213
135	65
136	165
136	211
137	219
137	291
137	419
138	166
139	339
141	130
141	189
141	281
141	288
141	349
141	525
142	10
142	217
142	303
143	222
144	558
145	85
145	139
145	255
145	346
145	446
145	570
146	291
146	539
147	246
148	164
149	148
149	245
149	576
149	595
150	0
151	194
152	121
153	26
153	279
154	467
155	191
155	468
156	280
157	268
159	219
160	531
162	521
164	148
164	281
165	279
166	420
167	296
167	559
167	578
168	271
168	470
169	181
169	224
169	331
169	567
171	314
172	385
172	469
173	59
174	86
175	375
175	475
175	479
176	340
177	420
178	55
179	143
179	170
179	315
181	75
181	287
182	370
183	425
184	427
185	231
185	277
185	364
187	410
187	447
187	593
190	559
191	85
191	254
191	395
191	522
192	318
192	494
192	595
193	168
193	319
193	345
195	261
195	538
196	190
196	258
198	90
198	419
198	478
199	590
200	103
200	199
200	287
202	158
204	430
205	76
205	205
207	55
207	140
207	304
208	263
208	300
209	62
209	265
209	271
209	333
209	402
210	347
210	478
211	95
211	249
211	419
211	521
212	105
212	190
214	260
214	532
215	160
216	172
217	186
217	243
218	549
220	382
220	561
221	117
221	146
222	12
222	47
223	72
223	222
224	52
224	75
224	94
225	160
226	12
226	307
226	314
226	369
228	361
229	134
229	369
230	547
232	336
233	13
235	282
235	353
235	497
235	558
236	46
236	138
237	47
237	531
237	562
238	424
239	24
239	69
239	215
241	138
243	515
244	229
244	430
244	527
245	166
248	196
248	237
248	573
248	574
249	155
249	413
252	529
254	309
255	25
255	135
255	146
255	176
256	137
256	145
256	499
257	30
258	106
258	230
259	195
260	315
261	255
261	278
261	359
262	381
263	580
266	334
266	486
266	545
268	348
268	477
268	489
269	37
270	310
270	599
273	8
273	103
275	22
276	179
276	247
276	413
277	3
277	246
277	593
279	50
279	309
280	146
280	496
281	6
283	440
284	370
284	532
285	241
287	433
287	562
288	219
289	114
289	378
290	51
290	249
290	361
292	69
292	237
293	401
294	368
295	452
295	505
295	551
297	553
298	234
299	491
299	496
300	261
301	268
301	282
302	126
302	261
302	488
303	344
303	538
305	56
305	161
305	459
305	474
306	483
307	13
307	306
307	552
308	101
308	157
308	297
309	477
310	111
310	178
310	354
312	367
312	527
314	415
314	495
315	43
315	226
315	261
315	497
316	181
316	296
316	354
316	466
317	75
317	322
318	314
318	390
321	148
321	595
322	259
322	289
322	309
322	432
323	42
323	352
323	433
324	81
325	196
326	179
326	194
326	273
326	450
328	217
329	501
330	411
330	472
331	239
332	588
333	568
334	376
334	468
335	32
337	70
337	95
337	576
338	114
338	234
340	577
342	34
342	432
343	152
343	317
345	197
345	450
347	17
347	83
347	323
347	329
347	457
348	543
349	129
349	367
351	147
351	168
351	302
351	383
352	532
353	518
354	16
354	86
355	107
357	478
357	501
358	105
359	83
360	75
360	154
360	201
360	227
360	456
361	83
362	58
362	344
362	397
362	565
363	592
365	370
367	189
367	198
367	299
369	71
369	76
370	206
371	184
371	346
373	423
373	499
374	66
374	423
374	435
374	515
375	291
375	323
376	235
377	112
377	118
377	198
377	463
377	586
378	91
380	257
381	282
381	401
381	469
382	335
383	555
384	11
384	168
384	462
384	546
385	13
385	193
385	208
385	515
387	282
387	441
388	266
389	94
389	126
389	303
391	65
392	149
393	235
393	330
394	136
395	124
395	391
396	111
396	304
397	17
397	201
397	406
397	418
399	376
400	399
401	312
401	465
402	310
402	559
403	543
404	211
405	26
405	153
406	119
407	153
409	17
411	198
411	576
412	146
413	109
413	552
414	406
417	14
417	570
419	43
419	440
419	470
419	485
420	275
421	326
422	280
424	17
424	367
425	98
426	39
426	97
426	468
426	596
429	94
429	108
429	157
429	198
430	260
430	382
431	132
431	174
433	93
433	317
434	142
435	407
437	122
437	588
438	59
438	243
439	130
439	547
440	266
441	61
441	63
441	243
441	323
443	583
444	37
444	574
445	269
445	430
445	560
446	22
446	150
446	431
447	183
447	227
447	476
448	320
449	508
450	103
450	271
451	67
451	351
451	390
452	3
452	304
452	323
453	97
453	103
453	419
453	501
453	541
454	240
457	166
458	350
459	59
459	216
459	293
460	377
461	307
462	91
462	271
464	74
468	322
469	92
469	193
469	402
469	413
470	434
470	583
471	43
471	527
473	372
474	400
474	528
475	5
476	9
476	136
476	235
476	277
479	44
479	599
481	413
481	583
483	170
483	174
484	335
484	362
484	556
486	261
487	102
487	297
488	103
488	526
490	400
490	521
490	525
492	24
495	162
496	16
496	102
497	96
497	452
498	424
500	328
500	434
501	572
502	97
502	320
502	472
503	310
504	453
504	560
505	167
505	209
505	316
506	350
506	386
508	528
508	535
508	593
509	135
509	278
510	312
511	159
511	443
512	225
513	87
513	235
514	28
516	133
516	150
516	361
517	264
518	555
519	254
520	471
522	241
522	313
522	550
523	347
524	347
525	468
528	109
528	283
528	566
528	583
529	202
529	470
529	496
530	358
531	202
531	209
531	472
533	199
534	567
535	191
535	327
535	441
535	442
537	9
538	106
538	532
539	224
539	307
539	465
539	564
540	3
540	54
540	487
540	497
542	16
542	536
543	82
543	192
544	13
544	268
544	310
544	534
545	239
545	379
545	499
546	314
546	389
547	147
548	186
549	152
549	432
549	497
550	84
550	167
550	255
551	145
551	263
552	153
552	561
553	159
554	0
555	417
555	589
556	80
557	57
557	341
558	72
558	557
561	73
561	80
562	105
562	479
563	381
564	400
564	570
565	530
566	145
568	484
569	547
570	137
570	259
570	456
571	211
571	387
572	103
572	455
573	101
573	380
573	451
573	466
574	78
574	101
575	274
575	385
575	541
578	568
579	313
580	475
581	205
581	219
581	475
582	228
582	312
582	451
583	498
585	25
585	328
585	420
585	518
586	39
586	598
587	348
588	273
588	569
589	131
590	109
590	143
591	74
592	104
593	43
593	47
596	263
596	516
596	598
598	134
598	568
599	111
-----------
0	226
2	373
3	142
4	551
8	234
9	209
10	234
10	385
11	94
11	559
13	153
13	429
14	521
15	47
16	198
16	243
16	276
16	541
17	260
17	312
19	562
20	22
20	255
20	370
20	382
21	307
22	114
22	132
24	160
24	523
25	80
25	410
26	302
27	308
27	429
28	455
31	117
31	160
33	279
33	524
34	15
34	253
34	429
37	101
37	147
37	352
38	311
40	133
41	545
42	562
43	369
44	302
44	486
44	580
45	74
45	361
46	475
47	519
47	595
50	16
50	282
50	414
51	19
53	363
54	67
54	156
54	208
54	319
55	146
56	472
57	239
58	268
58	530
59	344
59	481
60	296
60	437
61	277
61	376
61	548
62	103
63	146
64	219
66	73
66	186
67	157
67	417
67	585
68	178
68	352
69	161
69	335
69	386
71	179
71	506
73	423
74	38
74	94
75	204
77	278
77	281
77	480
77	505
78	109
79	101
80	26
80	525
80	568
80	595
81	134
81	516
81	517
83	23
83	269
83	406
84	239
85	135
85	204
86	10
86	101
86	209
86	221
86	266
87	282
88	88
89	385
91	370
92	256
92	570
93	212
94	569
96	50
98	268
99	472
99	491
100	76
100	208
101	122
101	457
101	495
103	377
104	366
104	570
105	149
105	160
105	164
105	281
105	328
105	447
105	457
106	116
108	55
109	260
109	265
109	440
111	124
111	135
111	305
112	125
112	213
112	478
113	148
113	243
113	309
114	184
114	251
114	397
114	571
115	547
115	567
118	98
118	174
120	123
122	104
122	134
125	446
126	197
126	323
127	207
127	250
127	466
128	586
129	364
129	370
129	447
130	6
130	461
131	60
131	287
132	371
133	213
135	527
136	165
136	211
137	228
137	291
137	419
138	166
139	95
141	24
141	130
141	258
141	281
141	288
141	349
142	10
142	303
142	312
143	222
144	298
145	85
145	255
145	309
145	346
145	446
145	570
146	196
146	291
147	399
148	164
149	145
149	148
149	576
149	595
150	0
151	194
152	121
153	26
153	279
154	467
155	263
155	468
156	280
157	135
159	219
160	373
162	521
164	105
164	148
165	279
166	420
167	296
167	559
167	578
168	271
168	301
169	181
169	224
169	331
169	567
171	314
172	385
172	469
173	59
174	86
175	375
175	475
175	479
176	340
177	466
178	55
179	148
179	483
179	598
181	75
181	287
182	370
183	97
184	427
185	86
185	248
185	277
187	152
187	293
187	593
190	559
191	254
191	395
191	418
191	522
192	62
192	318
192	595
193	168
193	266
193	379
195	261
195	538
196	190
196	525
198	90
198	419
198	478
199	590
200	199
200	216
200	556
202	158
204	71
205	105
205	524
207	304
207	307
207	451
208	76
208	300
209	231
209	271
209	402
209	438
209	501
210	347
210	478
211	95
211	249
211	419
211	521
212	190
212	383
214	234
214	260
215	160
216	172
217	243
217	543
218	485
220	13
220	382
221	117
221	267
222	12
222	47
223	222
223	552
224	75
224	347
224	470
225	483
226	136
226	307
226	369
226	496
228	102
229	369
229	432
230	547
232	336
233	501
235	282
235	353
235	497
235	558
236	5
236	382
237	47
237	531
237	597
238	380
239	24
239	215
239	434
241	261
243	515
244	65
244	229
244	333
245	166
248	237
248	433
248	573
248	574
249	155
249	413
252	529
254	309
255	25
255	91
255	133
255	135
256	74
256	137
256	527
257	30
258	16
258	106
259	195
260	315
261	255
261	359
261	528
262	521
263	498
266	147
266	456
266	588
268	206
268	323
268	477
269	501
270	310
270	599
273	8
273	103
275	22
276	179
276	247
276	413
277	140
277	442
277	455
279	4
279	50
280	441
280	568
281	6
283	440
284	83
284	532
285	241
287	433
287	530
288	486
289	114
289	378
290	51
290	249
290	361
292	69
292	237
293	362
294	368
295	235
295	476
295	533
297	563
298	432
299	314
299	354
300	261
301	17
301	278
302	126
302	261
302	430
303	254
303	538
305	74
305	161
305	263
305	474
306	432
307	13
307	306
307	552
308	101
308	157
308	297
309	532
310	111
310	178
310	217
312	97
312	246
314	415
314	495
315	43
315	226
315	329
315	497
316	291
316	296
316	354
316	547
317	322
317	589
318	314
318	390
321	9
321	465
322	109
322	189
322	432
322	543
323	42
323	124
323	312
324	81
325	539
326	3
326	194
326	273
326	450
328	217
329	118
330	411
330	496
331	289
332	334
333	103
334	376
334	468
335	32
337	70
337	243
337	424
338	400
338	468
340	577
342	162
342	555
343	317
343	410
345	197
345	450
347	72
347	323
347	328
347	329
347	553
348	193
349	129
349	568
351	105
351	168
351	219
351	302
352	532
353	518
354	16
354	266
355	107
357	198
357	501
358	205
359	83
360	75
360	154
360	201
360	227
360	456
361	596
362	58
362	344
362	515
362	565
363	0
365	35
367	189
367	198
367	576
369	71
369	191
370	489
371	184
371	346
373	423
373	499
374	66
374	103
374	397
374	452
375	420
375	516
376	235
377	37
377	112
377	198
377	463
377	549
378	176
380	257
381	282
381	401
381	469
382	335
383	555
384	145
384	168
384	462
384	546
385	193
385	272
385	484
385	515
387	282
387	441
388	466
389	126
389	323
389	416
391	65
392	149
393	330
393	558
394	262
395	391
395	596
396	111
396	304
397	17
397	367
397	379
397	406
399	300
400	246
401	465
401	491
402	310
402	430
403	468
404	83
405	153
405	358
406	266
407	153
409	17
411	198
411	576
412	146
413	72
413	326
414	406
417	14
417	379
419	12
419	138
419	440
419	586
420	275
421	259
422	280
424	274
424	367
425	348
426	2
426	39
426	196
426	532
429	108
429	157
429	273
429	494
430	25
430	260
431	132
431	174
433	93
433	317
434	299
435	545
437	72
437	583
438	59
438	367
439	130
439	181
440	119
441	61
441	69
441	323
441	339
443	583
444	37
444	574
445	4
445	430
445	560
446	22
446	150
446	431
447	183
447	227
447	423
448	320
449	315
450	103
450	314
451	351
451	390
451	558
452	3
452	304
452	323
453	13
453	419
453	425
453	561
453	568
454	481
457	166
458	350
459	59
459	103
459	293
460	348
461	307
462	91
462	271
464	268
468	322
469	92
469	193
469	402
469	535
470	63
470	583
471	43
471	527
473	372
474	400
474	528
475	43
476	110
476	235
476	240
476	434
479	44
479	599
481	413
481	583
483	174
483	186
484	401
484	406
484	570
486	261
487	297
487	345
488	526
488	531
490	43
490	80
490	400
492	477
495	146
496	82
496	102
497	96
497	470
498	379
500	17
500	136
501	572
502	320
502	355
502	472
503	310
504	453
504	560
505	167
505	209
505	316
506	157
506	350
508	389
508	413
508	593
509	278
509	499
510	478
511	159
511	443
512	85
513	87
513	235
514	28
516	143
516	150
516	361
517	264
518	497
519	479
520	471
522	230
522	312
522	313
523	593
524	347
525	309
528	109
528	283
528	566
528	588
529	202
529	470
529	496
530	452
531	253
531	472
531	569
533	199
534	405
535	52
535	191
535	203
535	327
537	9
538	106
538	532
539	224
539	265
539	550
539	564
540	54
540	139
540	487
540	497
542	40
542	536
543	146
543	329
544	13
544	303
544	310
544	541
545	225
545	239
545	499
546	138
546	271
547	147
548	170
549	34
549	152
549	180
550	46
550	84
550	295
551	11
551	459
552	153
552	561
553	159
554	598
555	75
555	417
556	381
557	57
557	592
558	122
558	557
561	73
561	356
562	259
562	479
563	381
564	3
564	570
565	530
566	145
568	484
569	171
570	137
570	407
570	488
571	211
571	387
572	245
572	435
573	3
573	132
573	400
573	424
574	78
574	101
575	17
575	203
575	414
578	201
579	313
580	475
581	202
581	205
581	211
582	219
582	241
582	451
583	498
585	167
585	386
585	420
585	518
586	39
586	170
587	348
588	312
588	508
589	131
590	143
590	494
591	56
592	571
593	47
593	94
596	263
596	341
596	534
598	97
598	192
599	111
-----------
0	226
2	407
3	521
4	331
8	234
9	191
10	50
10	432
11	94
11	559
13	153
13	429
14	367
15	47
16	186
16	198
16	243
16	356
17	260
17	312
19	562
20	22
20	143
20	184
20	255
21	307
22	114
22	132
24	160
24	523
25	251
25	461
26	302
27	308
27	429
28	55
31	117
31	160
33	279
33	524
34	147
34	253
34	429
37	101
37	147
37	273
38	311
40	133
41	110
42	381
43	369
44	302
44	486
44	498
45	266
45	361
46	468
47	519
47	595
50	282
50	329
50	414
51	19
53	363
54	156
54	208
54	382
54	560
55	146
56	472
57	239
58	266
58	530
59	50
59	481
60	437
60	546
61	277
61	300
61	548
62	373
63	146
64	184
66	73
66	193
67	417
67	525
67	585
68	178
68	352
69	161
69	386
69	570
71	179
71	506
73	335
74	38
74	494
75	468
77	97
77	281
77	480
77	505
78	109
79	83
80	26
80	157
80	240
80	536
81	370
81	517
81	558
83	4
83	23
83	207
84	239
85	135
85	204
86	10
86	101
86	209
86	307
86	499
87	282
88	88
89	111
91	563
92	256
92	570
93	8
94	569
96	106
98	264
99	491
99	496
100	208
100	541
101	457
101	495
101	532
103	26
104	366
104	570
105	149
105	157
105	160
105	164
105	281
105	293
105	313
106	348
108	40
109	159
109	260
109	440
111	124
111	243
111	305
112	125
112	213
112	478
113	2
113	136
113	309
114	189
114	397
114	433
114	466
115	447
115	472
118	116
118	174
120	304
122	37
122	104
125	446
126	46
126	197
127	42
127	250
127	323
128	586
129	148
129	370
129	547
130	6
130	301
131	60
131	287
132	371
133	213
135	527
136	211
136	364
137	228
137	291
137	419
138	166
139	339
141	130
141	258
141	281
141	288
141	349
141	477
142	75
142	303
142	317
143	222
144	280
145	85
145	255
145	300
145	346
145	446
145	570
146	196
146	291
147	399
148	583
149	148
149	198
149	576
149	595
150	235
151	424
152	121
153	279
153	377
154	467
155	278
155	468
156	134
157	135
159	219
160	103
162	379
164	148
164	269
165	279
166	420
167	296
167	559
167	578
168	271
168	470
169	181
169	224
169	479
169	533
171	314
172	385
172	469
173	59
174	86
175	179
175	375
175	479
176	340
177	420
178	455
179	148
179	275
179	598
181	75
181	287
182	370
183	425
184	427
185	248
185	277
185	475
187	447
187	571
187	593
190	559
191	85
191	254
191	443
191	577
192	266
192	318
192	595
193	102
193	168
193	319
195	261
195	417
196	190
196	525
198	90
198	419
198	478
199	590
200	199
200	216
200	406
202	158
204	430
205	524
205	572
207	55
207	140
207	304
208	139
208	263
209	271
209	402
209	438
209	488
209	566
210	347
210	478
211	95
211	142
211	249
211	498
212	383
212	499
214	260
214	532
215	160
216	172
217	186
217	243
218	485
220	13
220	82
221	10
221	117
222	12
222	47
223	72
223	222
224	75
224	347
224	562
225	146
226	307
226	314
226	369
226	496
228	74
229	126
229	369
230	547
232	336
233	13
235	282
235	402
235	497
235	531
236	43
236	327
237	47
237	353
237	597
238	194
239	24
239	215
239	434
241	261
243	515
244	65
244	229
244	333
245	472
248	237
248	573
248	574
248	596
249	155
249	413
252	529
254	309
255	133
255	135
255	176
255	314
256	74
256	137
256	145
257	30
258	16
258	414
259	423
260	166
261	138
261	255
261	359
262	381
263	580
266	219
266	334
266	456
268	323
268	477
268	489
269	192
270	310
270	599
273	103
273	212
275	22
276	247
276	413
276	516
277	3
277	527
277	593
279	4
279	344
280	211
280	441
281	6
283	440
284	76
284	122
285	241
287	3
287	166
288	486
289	372
289	378
290	51
290	249
290	361
292	69
292	470
293	494
294	368
295	0
295	452
295	551
297	553
298	234
299	25
299	491
300	261
301	12
301	268
302	16
302	261
302	430
303	254
303	538
305	56
305	459
305	474
305	586
306	483
307	13
307	306
307	552
308	101
308	157
308	406
309	80
310	111
310	178
310	354
312	97
312	246
314	415
314	495
315	3
315	43
315	191
315	226
316	291
316	296
316	354
316	547
317	217
317	322
318	297
318	390
321	315
321	595
322	259
322	309
322	432
322	465
323	280
323	433
323	457
324	81
325	539
326	3
326	194
326	273
326	450
328	531
329	134
330	411
330	472
331	289
332	588
333	568
334	171
334	475
335	32
337	70
337	95
337	576
338	234
338	400
340	522
342	34
342	432
343	152
343	267
345	197
345	450
347	17
347	72
347	101
347	323
347	329
348	543
349	129
349	201
351	15
351	105
351	168
351	302
352	532
353	518
354	16
354	62
355	107
357	478
357	501
358	105
359	83
360	75
360	154
360	201
360	456
360	567
361	379
362	58
362	344
362	515
362	565
363	0
365	499
367	189
367	198
367	419
369	71
369	76
370	410
371	346
371	370
373	423
373	583
374	66
374	103
374	397
374	423
375	323
375	466
376	235
377	112
377	153
377	198
377	231
377	463
378	91
380	257
381	282
381	401
381	469
382	335
383	555
384	145
384	168
384	296
384	462
385	193
385	484
385	515
385	541
387	282
387	441
388	466
389	94
389	126
389	303
391	65
392	299
393	310
393	558
394	17
395	124
395	391
396	123
396	385
397	17
397	379
397	406
397	521
399	376
400	246
401	312
401	465
402	71
402	330
403	468
404	211
405	358
405	549
406	119
407	153
409	17
411	527
411	576
412	382
413	552
413	583
414	297
417	14
417	379
419	9
419	138
419	440
419	470
420	483
421	386
422	352
424	274
424	367
425	312
426	196
426	204
426	243
426	266
429	108
429	157
429	198
429	345
430	260
430	558
431	132
431	174
433	317
433	361
434	149
435	545
437	72
437	430
438	367
438	424
439	130
439	181
440	39
441	61
441	69
441	135
441	323
443	583
444	37
444	574
445	35
445	105
445	596
446	22
446	150
446	431
447	183
447	227
447	476
448	320
449	508
450	103
450	314
451	67
451	351
451	390
452	304
452	323
452	497
453	103
453	205
453	278
453	419
453	561
454	481
457	571
458	350
459	103
459	293
459	328
460	348
461	307
462	91
462	271
464	190
468	322
469	92
469	193
469	298
469	535
470	63
470	109
471	43
471	455
473	114
474	400
474	528
475	5
476	161
476	235
476	434
476	545
479	44
479	526
481	164
481	413
483	174
483	272
484	195
484	326
484	556
486	261
487	94
487	165
488	217
488	599
490	80
490	400
490	416
492	560
495	162
496	102
496	382
497	96
497	206
498	59
500	43
500	136
501	501
502	268
502	320
502	355
503	310
504	24
504	453
505	167
505	209
505	316
506	147
506	362
508	442
508	528
508	593
509	39
509	278
510	312
511	265
511	348
512	418
513	87
513	235
514	28
516	93
516	146
516	150
517	329
518	555
519	227
520	471
522	98
522	230
522	406
523	413
524	347
525	543
528	86
528	109
528	283
528	588
529	202
529	237
529	496
530	452
531	253
531	405
531	569
533	199
534	567
535	52
535	118
535	203
535	209
537	9
538	106
538	532
539	202
539	224
539	265
539	564
540	54
540	309
540	487
540	497
542	550
542	568
543	146
543	432
544	13
544	268
544	310
544	376
545	221
545	225
545	239
546	271
546	389
547	350
548	170
549	152
549	180
549	497
550	84
550	167
550	295
551	11
551	263
552	153
552	561
553	159
554	592
555	538
555	589
556	521
557	57
557	341
558	122
558	557
561	73
561	276
562	259
562	479
563	262
564	401
564	570
565	530
566	145
568	484
569	534
570	137
570	373
570	501
571	387
571	568
572	245
572	435
573	132
573	380
573	400
573	451
574	78
574	101
575	17
575	203
575	385
578	568
579	313
580	475
581	83
581	205
581	219
582	219
582	241
582	451
583	521
585	25
585	59
585	420
585	518
586	170
586	315
587	395
588	312
588	532
589	131
590	143
590	530
591	74
592	410
593	47
593	328
596	263
596	516
596	598
598	97
598	501
599	111
-----------
0	226
2	323
3	379
4	533
8	234
9	209
10	419
10	432
11	94
11	197
13	153
13	429
14	595
15	329
16	198
16	317
16	356
16	546
17	309
17	497
19	476
20	207
20	347
20	380
20	483
21	307
22	132
22	373
24	160
24	265
25	410
25	413
26	302
27	308
27	429
28	148
31	117
31	160
33	279
33	524
34	15
34	94
34	429
37	101
37	147
37	273
38	311
40	133
41	545
42	262
43	369
44	302
44	486
44	498
45	266
45	361
46	585
47	519
47	595
50	174
50	288
50	501
51	19
53	363
54	13
54	208
54	379
54	558
55	267
56	97
57	46
58	452
58	530
59	344
59	481
60	297
60	583
61	103
61	217
61	560
62	114
63	166
64	184
66	193
66	438
67	157
67	417
67	475
68	178
68	350
69	161
69	386
69	570
71	179
71	506
73	241
74	459
74	494
75	399
77	71
77	190
77	307
77	480
78	109
79	101
80	26
80	123
80	525
80	568
81	76
81	134
81	517
83	4
83	22
83	171
84	515
85	135
85	204
86	10
86	101
86	221
86	307
86	434
87	282
88	423
89	385
91	563
92	256
92	570
93	527
94	569
96	414
98	329
99	491
99	496
100	146
100	208
101	122
101	340
101	456
103	387
104	366
104	570
105	149
105	160
105	164
105	281
105	293
105	435
105	559
106	116
108	40
109	260
109	440
109	523
111	124
111	135
111	305
112	118
112	213
112	478
113	2
113	148
113	309
114	251
114	397
114	466
114	571
115	279
115	405
118	174
118	348
120	240
122	104
122	134
125	446
126	516
126	559
127	131
127	266
127	309
128	430
129	314
129	370
129	547
130	6
130	301
131	60
131	287
132	371
133	213
135	379
136	165
136	211
137	204
137	291
137	419
138	541
139	339
141	130
141	258
141	281
141	349
141	457
141	477
142	10
142	300
142	303
143	222
144	298
145	85
145	139
145	255
145	346
145	446
145	570
146	196
146	291
147	237
148	164
149	148
149	527
149	576
149	595
150	0
151	130
152	121
153	70
153	447
154	382
155	191
155	414
156	280
157	375
159	219
160	548
162	521
164	105
164	148
165	413
166	13
167	296
167	329
167	578
168	271
168	470
169	181
169	224
169	451
169	484
171	364
172	385
172	469
173	59
174	86
175	135
175	475
175	479
176	495
177	420
178	55
179	143
179	455
179	598
181	75
181	347
182	370
183	425
184	427
185	231
185	248
185	277
187	410
187	447
187	593
190	559
191	105
191	219
191	254
191	395
192	184
192	266
192	521
193	102
193	168
193	319
195	261
195	538
196	201
196	525
198	50
198	90
198	478
199	590
200	199
200	263
200	312
202	158
204	586
205	205
205	524
207	55
207	140
207	304
208	178
208	216
209	86
209	253
209	271
209	402
209	488
210	287
210	478
211	95
211	419
211	527
211	555
212	190
212	383
214	260
214	532
215	160
216	172
217	186
217	406
218	485
220	156
220	382
221	117
221	152
222	12
222	47
223	72
223	222
224	75
224	347
224	562
225	382
226	136
226	369
226	496
226	505
228	74
229	369
229	432
230	547
232	336
233	452
235	282
235	497
235	499
235	558
236	43
236	239
237	47
237	531
237	597
238	424
239	24
239	209
239	215
241	261
243	239
244	65
244	229
244	333
245	166
248	237
248	573
248	574
248	596
249	155
249	279
252	529
254	243
255	135
255	174
255	176
255	545
256	72
256	137
256	145
257	30
258	16
258	466
259	195
260	315
261	138
261	255
261	359
262	381
263	580
266	219
266	334
266	353
268	39
268	323
268	477
269	3
270	310
270	599
273	8
273	103
275	22
276	247
276	413
276	475
277	3
277	521
277	593
279	4
279	457
280	441
280	568
281	6
283	440
284	370
284	532
285	241
287	433
287	530
288	486
289	114
289	378
290	249
290	361
290	508
292	69
292	228
293	401
294	368
295	235
295	323
295	551
297	553
298	234
299	314
299	491
300	261
301	17
301	268
302	126
302	261
302	430
303	297
303	576
305	56
305	153
305	161
305	474
306	483
307	13
307	552
307	592
308	157
308	254
308	352
309	189
310	111
310	354
310	472
312	17
312	97
314	415
314	495
315	43
315	146
315	226
315	260
316	291
316	296
316	354
316	547
317	75
317	322
318	271
318	314
321	315
321	595
322	227
322	309
322	432
322	532
323	42
323	352
323	433
324	81
325	539
326	3
326	194
326	273
326	450
328	217
329	37
330	300
330	411
331	289
332	588
333	568
334	376
334	468
335	32
337	26
337	95
337	538
338	234
338	400
340	577
342	34
342	432
343	88
343	317
345	197
345	450
347	17
347	47
347	74
347	83
347	323
348	543
349	129
349	281
351	168
351	203
351	302
351	522
352	558
353	518
354	16
354	62
355	107
357	282
357	543
358	105
359	83
360	154
360	201
360	227
360	456
360	463
361	596
362	58
362	344
362	515
362	565
363	0
365	35
367	142
367	189
367	198
369	76
369	278
370	235
371	312
371	318
373	50
373	423
374	66
374	103
374	397
374	423
375	323
375	466
376	206
377	75
377	112
377	125
377	198
377	549
378	91
380	257
381	282
381	401
381	469
382	335
383	564
384	145
384	168
384	243
384	462
385	147
385	193
385	515
385	541
387	282
387	441
388	310
389	94
389	126
389	303
391	246
392	149
393	330
393	532
394	12
395	124
395	391
396	111
396	304
397	17
397	133
397	367
397	406
399	376
400	65
401	312
401	465
402	71
402	310
403	468
404	470
405	358
405	576
406	202
407	38
409	246
411	153
411	198
412	146
413	109
413	552
414	406
417	162
417	379
419	138
419	211
419	390
419	440
420	275
421	326
422	280
424	274
424	367
425	98
426	196
426	243
426	468
426	489
429	73
429	108
429	157
429	198
430	260
430	467
431	132
431	468
433	93
433	272
434	478
435	212
437	72
437	583
438	59
438	367
439	181
439	194
440	266
441	61
441	69
441	243
441	373
443	583
444	37
444	574
445	269
445	277
445	430
446	22
446	150
446	431
447	183
447	562
447	599
448	320
449	51
450	103
450	314
451	67
451	351
451	586
452	304
452	323
452	501
453	97
453	103
453	419
453	501
453	561
454	481
457	166
458	101
459	59
459	103
459	293
460	348
461	307
462	91
462	271
464	499
468	322
469	44
469	92
469	193
469	402
470	335
470	583
471	43
471	455
473	372
474	400
474	528
475	5
476	9
476	110
476	235
476	434
479	259
479	535
481	80
481	296
483	25
483	186
484	63
484	362
484	556
486	261
487	136
487	345
488	526
488	593
490	80
490	400
490	416
492	24
495	14
496	82
496	531
497	96
497	461
498	424
500	328
500	437
501	572
502	320
502	355
502	472
503	106
504	453
504	560
505	167
505	209
505	316
506	350
506	386
508	102
508	413
508	528
509	268
509	278
510	299
511	159
511	443
512	418
513	87
513	235
514	28
516	150
516	278
516	516
517	264
518	555
519	479
520	471
522	230
522	312
522	313
523	442
524	143
525	312
528	109
528	283
528	566
528	588
529	202
529	470
529	496
530	13
531	253
531	472
531	569
533	199
534	567
535	52
535	191
535	327
535	331
537	9
538	106
538	295
539	119
539	224
539	249
539	265
540	54
540	406
540	487
540	497
542	536
542	550
543	16
543	146
544	268
544	310
544	420
544	534
545	225
545	239
545	499
546	389
546	390
547	147
548	170
549	146
549	180
549	497
550	84
550	167
550	501
551	11
551	263
552	153
552	561
553	159
554	306
555	417
555	589
556	521
557	57
557	341
558	122
558	557
561	73
561	276
562	259
562	479
563	381
564	494
564	570
565	530
566	145
568	484
569	23
570	137
570	407
570	532
571	211
571	377
572	157
572	245
573	132
573	255
573	400
573	451
574	78
574	101
575	17
575	203
575	385
578	568
579	313
580	179
581	83
581	205
581	219
582	85
582	152
582	567
583	498
585	25
585	328
585	420
585	518
586	39
586	170
587	348
588	346
588	465
589	250
590	3
590	370
591	74
592	571
593	43
593	47
596	263
596	361
596	598
598	192
598	472
599	111
-----------
0	226
2	373
3	379
4	533
8	105
9	209
10	50
10	432
11	3
11	559
13	153
13	429
14	494
15	47
16	243
16	272
16	348
16	356
17	260
17	312
19	562
20	22
20	104
20	255
20	483
21	307
22	114
22	132
24	160
24	309
25	80
25	410
26	302
27	308
27	429
28	455
31	117
31	381
33	279
33	524
34	15
34	52
34	253
37	80
37	101
37	147
38	311
40	265
41	179
42	262
43	369
44	116
44	302
44	486
45	266
45	361
46	475
47	519
47	595
50	209
50	282
50	329
51	19
53	363
54	156
54	208
54	401
54	558
55	267
56	472
57	239
58	323
58	530
59	344
59	481
60	296
60	437
61	277
61	300
61	548
62	310
63	170
64	184
66	73
66	193
67	364
67	417
67	585
68	178
68	447
69	161
69	386
69	570
71	312
71	545
73	423
74	38
74	521
75	204
77	278
77	281
77	480
77	505
78	109
79	516
80	26
80	162
80	240
80	525
81	37
81	76
81	291
83	4
83	23
83	207
84	199
85	135
85	204
86	10
86	86
86	101
86	221
86	307
87	282
88	88
89	385
91	563
92	256
92	570
93	521
94	291
96	84
98	123
99	491
99	496
100	78
100	259
101	122
101	457
101	598
103	377
104	366
104	570
105	149
105	157
105	160
105	164
105	281
105	293
105	527
106	498
108	570
109	260
109	265
109	440
111	135
111	305
111	410
112	125
112	213
112	478
113	2
113	148
113	234
114	51
114	234
114	397
114	466
115	405
115	447
118	174
118	348
120	73
122	134
122	326
125	446
126	35
126	516
127	11
127	266
127	406
128	586
129	42
129	157
129	499
130	6
130	301
131	60
131	287
132	371
133	213
135	457
136	13
136	211
137	235
137	323
137	419
138	174
139	339
141	130
141	133
141	258
141	281
141	288
141	349
142	217
142	303
142	488
143	222
144	54
145	40
145	71
145	85
145	139
145	255
145	446
146	196
146	569
147	399
148	164
149	124
149	148
149	527
149	595
150	0
151	194
152	484
153	26
153	279
154	467
155	191
155	468
156	280
157	135
159	209
160	103
162	521
164	148
164	571
165	279
166	420
167	296
167	559
167	578
168	271
168	470
169	181
169	224
169	331
169	567
171	314
172	385
172	469
173	59
174	382
175	375
175	475
175	479
176	340
177	420
178	55
179	148
179	154
179	557
181	75
181	287
182	370
183	425
184	350
185	69
185	231
185	248
187	352
187	497
187	576
190	559
191	85
191	243
191	395
191	522
192	266
192	318
192	595
193	102
193	168
193	319
195	197
195	538
196	190
196	525
198	90
198	419
198	478
199	146
200	235
200	239
200	406
202	158
204	430
205	205
205	524
207	140
207	304
207	406
208	39
208	300
209	10
209	16
209	271
209	402
209	590
210	347
210	478
211	43
211	95
211	212
211	249
212	190
212	400
214	260
214	532
215	160
216	246
217	186
217	254
218	541
220	370
220	382
221	146
221	427
222	12
222	47
223	72
223	390
224	75
224	347
224	562
225	86
226	136
226	307
226	369
226	496
228	74
229	369
229	432
230	547
232	336
233	13
235	282
235	353
235	497
235	558
236	43
236	46
237	47
237	531
237	597
238	424
239	24
239	215
239	434
241	261
243	515
244	65
244	152
244	229
245	166
248	237
248	573
248	574
248	596
249	136
249	413
252	529
254	397
255	133
255	135
255	145
255	176
256	74
256	137
256	145
257	30
258	106
258	414
259	195
260	451
261	138
261	255
261	359
262	247
263	580
266	219
266	456
266	528
268	228
268	380
268	489
269	501
270	310
270	599
273	8
273	103
275	22
276	160
276	179
276	413
277	3
277	527
277	593
279	4
279	50
280	441
280	568
281	6
283	440
284	370
284	532
285	241
287	433
287	530
288	486
289	114
289	378
290	249
290	251
290	361
292	69
292	237
293	350
294	368
295	166
295	216
295	551
297	553
298	234
299	9
299	314
300	261
301	17
301	268
302	126
302	261
302	430
303	254
303	538
305	56
305	161
305	459
305	474
306	483
307	13
307	165
307	552
308	101
308	157
308	297
309	541
310	111
310	178
310	354
312	97
312	172
314	83
314	411
315	43
315	226
315	278
315	497
316	134
316	146
316	296
316	354
317	75
317	322
318	314
318	390
321	315
321	595
322	208
322	309
322	432
322	532
323	352
323	433
323	547
324	81
325	539
326	94
326	273
326	450
326	536
328	217
329	517
330	472
330	495
331	312
332	588
333	568
334	376
334	468
335	32
337	70
337	95
337	576
338	309
338	400
340	429
342	34
342	432
343	317
343	333
345	197
345	450
347	17
347	83
347	166
347	323
347	329
348	543
349	129
349	583
351	168
351	302
351	341
351	572
352	532
353	592
354	16
354	62
355	107
357	478
357	501
358	105
359	83
360	75
360	143
360	198
360	227
360	456
361	596
362	58
362	344
362	515
362	565
363	0
365	97
367	142
367	189
367	198
369	71
369	76
370	206
371	184
371	346
373	423
373	499
374	66
374	103
374	423
374	523
375	323
375	466
376	93
377	112
377	118
377	146
377	198
377	549
378	91
380	257
381	282
381	379
381	469
382	335
383	555
384	25
384	168
384	462
384	546
385	193
385	484
385	495
385	515
387	282
387	558
388	588
389	94
389	126
389	303
391	65
392	149
393	330
393	441
394	12
395	124
395	391
396	111
396	304
397	17
397	271
397	367
397	379
399	121
400	246
401	465
401	506
402	310
402	346
403	468
404	211
405	358
405	586
406	119
407	153
409	17
411	146
411	576
412	547
413	312
413	552
414	55
417	250
417	379
419	153
419	263
419	440
419	470
420	275
421	370
422	61
424	274
424	367
425	98
426	196
426	243
426	372
426	453
429	94
429	108
429	157
429	198
430	260
430	382
431	72
431	132
433	317
433	401
434	263
435	545
437	406
437	583
438	59
438	376
439	130
439	181
440	266
441	243
441	277
441	280
441	323
443	583
444	37
444	574
445	269
445	430
445	560
446	22
446	150
446	431
447	106
447	183
447	476
448	320
449	508
450	103
450	413
451	222
451	351
451	569
452	3
452	304
452	323
453	97
453	103
453	419
453	501
453	561
454	219
457	452
458	291
459	59
459	103
459	293
460	201
461	307
462	91
462	271
464	306
468	322
469	92
469	193
469	402
469	535
470	63
470	201
471	419
471	455
473	109
474	334
474	400
475	5
476	9
476	110
476	235
476	434
479	44
479	599
481	314
481	583
483	174
483	186
484	335
484	362
484	556
486	261
487	297
487	345
488	526
488	531
490	273
490	416
490	598
492	24
495	568
496	102
496	438
497	96
497	461
498	424
500	155
500	570
501	147
502	320
502	355
502	472
503	310
504	468
504	560
505	167
505	219
505	316
506	117
506	386
508	413
508	528
508	593
509	268
509	278
510	39
511	159
511	443
512	57
513	87
513	235
514	28
516	150
516	198
516	361
517	264
518	555
519	479
520	471
522	230
522	289
522	313
523	442
524	347
525	543
528	109
528	283
528	466
528	566
529	202
529	470
529	496
530	152
531	67
531	253
531	472
533	199
534	567
535	191
535	203
535	327
535	577
537	192
538	227
538	532
539	202
539	477
539	564
539	568
540	298
540	309
540	487
540	593
542	194
542	550
543	16
543	463
544	13
544	268
544	373
544	534
545	225
545	239
545	499
546	72
546	389
547	147
548	170
549	180
549	452
549	497
550	167
550	295
550	414
551	14
551	299
552	153
552	561
553	159
554	518
555	417
555	589
556	261
557	105
557	418
558	122
558	189
561	276
561	329
562	259
562	479
563	381
564	328
564	494
565	530
566	145
568	367
569	171
570	137
570	407
570	501
571	211
571	387
572	245
572	435
573	132
573	315
573	400
573	477
574	101
574	485
575	17
575	203
575	385
578	383
579	313
580	475
581	205
581	415
581	481
582	219
582	241
582	451
583	498
585	25
585	328
585	420
585	518
586	82
586	263
587	348
588	312
588	465
589	131
590	3
590	143
591	74
592	571
593	43
593	47
596	101
596	138
596	224
598	491
598	521
599	111
-----------
0	226
2	373
3	379
4	533
8	234
9	209
10	50
10	264
11	94
11	559
13	146
13	381
14	521
15	219
16	198
16	239
16	243
16	356
17	16
17	260
19	278
20	22
20	117
20	255
20	483
21	327
22	159
22	307
24	160
24	523
25	586
25	595
26	302
27	308
27	429
28	455
31	117
31	160
33	279
33	524
34	15
34	253
34	429
37	97
37	101
37	273
38	311
40	133
41	545
42	262
43	589
44	302
44	486
44	498
45	266
45	361
46	475
47	519
47	595
50	282
50	329
50	414
51	19
53	363
54	156
54	208
54	379
54	558
55	267
56	472
57	423
58	90
58	530
59	344
59	501
60	296
60	462
61	219
61	277
61	300
62	373
63	55
64	222
66	73
66	193
67	157
67	417
67	585
68	178
68	352
69	386
69	483
69	570
71	3
71	179
73	239
74	38
74	278
75	204
77	281
77	400
77	480
77	505
78	109
79	101
80	124
80	240
80	371
80	568
81	76
81	134
81	517
83	4
83	23
83	402
84	272
85	135
85	204
86	10
86	101
86	154
86	209
86	307
87	282
88	88
89	385
91	563
92	256
92	570
93	212
94	472
96	414
98	329
99	161
99	496
100	98
100	541
101	122
101	457
101	495
103	197
104	431
104	570
105	157
105	160
105	164
105	281
105	293
105	364
105	457
106	116
108	40
109	260
109	265
109	440
111	135
111	305
111	516
112	125
112	213
112	478
113	2
113	148
113	309
114	123
114	251
114	397
114	571
115	30
115	559
118	174
118	401
120	243
122	104
122	134
125	446
126	377
126	516
127	250
127	266
127	406
128	13
129	149
129	370
129	386
130	6
130	301
131	60
131	287
132	525
133	348
135	527
136	165
136	599
137	228
137	291
137	419
138	166
139	499
141	130
141	258
141	281
141	349
141	385
141	477
142	10
142	217
142	303
143	184
144	298
145	85
145	139
145	255
145	263
145	446
145	570
146	196
146	291
147	25
148	164
149	3
149	148
149	527
149	595
150	55
151	194
152	121
153	26
153	279
154	467
155	191
155	468
156	280
157	135
159	219
160	103
162	521
164	105
164	148
165	279
166	420
167	203
167	447
167	578
168	271
168	470
169	181
169	224
169	331
169	567
171	532
172	111
172	385
173	229
174	86
175	375
175	475
175	479
176	340
177	391
178	146
179	143
179	148
179	598
181	287
181	572
182	75
183	425
184	427
185	231
185	248
185	277
187	86
187	410
187	447
190	559
191	85
191	254
191	522
191	574
192	266
192	318
192	595
193	84
193	102
193	453
195	247
195	538
196	190
196	525
198	323
198	419
198	478
199	590
200	72
200	199
200	406
202	158
204	111
205	205
205	524
207	0
207	140
207	225
208	300
208	346
209	207
209	271
209	438
209	488
209	593
210	259
210	478
211	95
211	235
211	249
211	521
212	12
212	190
214	465
214	532
215	160
216	172
217	186
217	243
218	485
220	13
220	382
221	146
221	370
222	12
222	309
223	222
223	548
224	75
224	347
224	562
225	382
226	136
226	307
226	369
226	530
228	74
229	261
229	432
230	547
232	336
233	13
235	74
235	282
235	353
235	569
236	43
236	46
237	47
237	531
237	583
238	424
239	24
239	434
239	553
241	261
243	515
244	59
244	65
244	333
245	166
248	114
248	237
248	395
248	532
249	155
249	413
252	529
254	309
255	75
255	133
255	135
255	176
256	137
256	145
256	558
257	405
258	16
258	106
259	195
260	315
261	138
261	273
261	359
262	429
263	574
266	189
266	334
266	456
268	323
268	477
268	489
269	501
270	310
270	599
273	8
273	103
275	22
276	179
276	261
276	413
277	527
277	576
277	593
279	4
279	50
280	159
280	508
281	6
283	440
284	370
284	532
285	241
287	433
287	496
288	486
289	378
289	397
290	51
290	249
290	361
292	237
292	367
293	401
294	170
295	235
295	452
295	551
297	215
298	234
299	417
299	491
300	432
301	17
301	268
302	430
302	432
302	538
303	303
303	569
305	56
305	161
305	459
305	474
306	491
307	13
307	306
307	552
308	101
308	157
308	297
309	189
310	314
310	354
310	469
312	246
312	466
314	415
314	495
315	43
315	226
315	497
315	562
316	291
316	296
316	354
316	547
317	322
317	370
318	314
318	390
321	315
321	410
322	47
322	132
322	314
322	545
323	42
323	352
323	433
324	261
325	539
326	194
326	280
326	450
326	506
328	217
329	37
330	74
330	497
331	289
332	254
333	568
334	376
334	468
335	32
337	70
337	95
337	576
338	234
338	560
340	577
342	34
342	261
343	152
343	317
345	197
345	450
347	17
347	72
347	83
347	323
347	329
348	565
349	129
349	201
351	91
351	105
351	147
351	481
352	463
353	518
354	62
354	312
355	260
357	416
357	478
358	105
359	83
360	75
360	201
360	221
360	227
360	456
361	596
362	344
362	432
362	515
362	543
363	0
365	35
367	47
367	142
367	198
369	71
369	76
370	206
371	184
371	346
373	423
373	499
374	103
374	132
374	137
374	423
375	323
375	466
376	419
377	112
377	118
377	198
377	435
377	549
378	91
380	131
381	213
381	282
381	469
382	335
383	555
384	145
384	168
384	268
384	546
385	193
385	484
385	515
385	541
387	282
387	441
388	466
389	94
389	126
389	588
391	65
392	149
393	330
393	558
394	383
395	227
395	420
396	304
396	430
397	17
397	69
397	379
397	406
399	350
400	246
401	312
401	465
402	71
402	310
403	468
404	211
405	153
405	358
406	119
407	153
409	17
411	198
411	576
412	153
413	109
413	552
414	588
417	14
417	379
419	80
419	138
419	440
419	470
420	275
421	326
422	255
424	274
424	367
425	208
426	39
426	97
426	196
426	468
429	94
429	108
429	157
429	198
430	260
430	382
431	66
431	174
433	93
433	317
434	299
435	58
437	216
437	583
438	59
438	106
439	181
439	494
440	266
441	61
441	69
441	243
441	556
443	583
444	37
444	580
445	269
445	430
445	560
446	22
446	150
446	366
447	124
447	183
447	476
448	320
449	341
450	103
450	314
451	67
451	351
451	390
452	3
452	304
452	323
453	97
453	103
453	419
453	501
453	561
454	481
457	166
458	350
459	103
459	265
459	293
460	348
461	307
462	271
462	369
464	499
468	322
469	92
469	109
469	402
469	535
470	63
470	597
471	43
471	455
473	146
474	400
474	528
475	501
476	110
476	219
476	235
476	434
479	44
479	211
481	413
481	583
483	174
483	186
484	323
484	335
484	362
486	81
487	297
487	345
488	526
488	531
490	80
490	168
490	400
492	518
495	162
496	82
496	102
497	96
497	461
498	424
500	136
500	328
501	399
502	320
502	355
502	472
503	310
504	130
504	168
505	167
505	209
505	316
506	376
506	547
508	413
508	528
508	593
509	268
509	278
510	312
511	441
511	443
512	418
513	87
513	235
514	28
516	146
516	150
516	347
517	369
518	555
519	479
520	471
522	230
522	312
522	313
523	442
524	347
525	543
528	193
528	283
528	406
528	566
529	202
529	470
529	496
530	452
531	126
531	253
531	472
533	199
534	567
535	52
535	114
535	191
535	296
537	9
538	367
538	532
539	59
539	202
539	224
539	564
540	54
540	309
540	487
540	497
542	536
542	550
543	16
543	372
544	310
544	437
544	534
544	586
545	239
545	304
545	339
546	271
546	389
547	147
548	170
549	152
549	180
549	497
550	167
550	295
550	319
551	11
551	263
552	153
552	561
553	132
554	592
555	178
555	302
556	521
557	57
557	568
558	122
558	557
561	73
561	276
562	259
562	479
563	381
564	494
564	570
565	530
566	145
568	484
569	171
570	5
570	407
570	573
571	211
571	387
572	245
572	596
573	361
573	380
573	400
573	451
574	78
574	101
575	17
575	203
575	288
578	26
579	313
580	475
581	72
581	83
581	205
582	9
582	241
582	451
583	498
585	24
585	25
585	328
585	420
586	192
586	368
587	348
588	107
588	312
589	257
590	111
590	143
591	411
592	571
593	43
593	47
596	263
596	568
596	598
598	39
598	147
599	3
-----------
0	226
2	413
3	379
4	533
8	234
9	209
10	50
10	432
11	94
11	559
13	153
13	429
14	521
15	47
16	10
16	198
16	272
16	356
17	239
17	312
19	562
20	255
20	370
20	382
20	483
21	307
22	114
22	132
24	523
24	570
25	80
25	411
26	302
27	429
27	506
28	485
31	117
31	160
33	279
33	558
34	15
34	253
34	429
37	101
37	147
37	273
38	311
40	133
41	273
42	262
43	387
44	211
44	217
44	219
45	266
45	361
46	475
47	519
47	595
50	282
50	329
50	414
51	303
53	363
54	156
54	323
54	379
54	524
55	267
56	472
57	420
58	323
58	530
59	344
59	481
60	296
60	437
61	277
61	300
61	548
62	373
63	401
64	184
66	73
66	481
67	157
67	417
67	585
68	174
68	352
69	161
69	386
69	570
71	85
71	498
73	423
74	38
74	494
75	204
77	278
77	480
77	505
77	571
78	347
79	101
80	26
80	240
80	525
80	568
81	76
81	134
81	517
83	4
83	23
83	484
84	207
85	135
85	204
86	221
86	243
86	307
86	400
86	565
87	282
88	59
89	430
91	563
92	94
92	570
93	478
94	256
96	414
98	329
99	491
99	496
100	208
100	541
101	122
101	457
101	528
103	377
104	160
104	366
105	149
105	160
105	164
105	199
105	281
105	293
105	457
106	116
108	40
109	235
109	265
109	440
111	124
111	135
111	305
112	125
112	146
112	213
113	148
113	309
113	406
114	105
114	251
114	397
114	571
115	405
115	447
118	174
118	348
120	123
122	134
122	367
125	446
126	197
126	478
127	2
127	250
127	266
128	586
129	364
129	370
129	547
130	227
130	301
131	60
131	287
132	371
133	213
135	527
136	211
136	560
137	228
137	291
137	419
138	166
139	103
141	130
141	258
141	281
141	288
141	315
141	561
142	10
142	303
142	486
143	222
144	298
145	85
145	87
145	139
145	255
145	446
145	570
146	196
146	291
147	399
148	164
149	148
149	527
149	576
149	595
150	0
151	194
152	121
153	26
153	279
154	467
155	191
155	468
156	280
157	135
159	219
160	430
162	521
164	105
164	148
165	279
166	260
167	296
167	559
167	578
168	271
168	470
169	80
169	331
169	559
169	567
171	380
172	385
172	469
173	59
174	86
175	5
175	268
175	319
176	340
177	420
178	55
179	65
179	143
179	598
181	287
181	443
182	370
183	425
184	427
185	231
185	248
185	277
187	410
187	447
187	593
190	181
191	179
191	254
191	395
191	522
192	146
192	318
192	595
193	102
193	168
193	475
195	261
195	538
196	190
196	525
198	59
198	247
198	419
199	590
200	199
200	260
200	406
202	317
204	339
205	16
205	524
207	55
207	140
207	304
208	263
208	300
209	86
209	317
209	402
209	438
209	488
210	109
210	212
211	148
211	249
211	419
211	521
212	190
212	588
214	198
214	532
215	160
216	172
217	225
217	573
218	46
220	314
220	431
221	117
221	532
222	12
222	47
223	72
223	282
224	13
224	75
224	266
225	382
226	157
226	307
226	369
226	496
228	74
229	133
229	432
230	547
232	336
233	13
235	206
235	353
235	497
235	558
236	43
236	560
237	47
237	531
237	597
238	424
239	24
239	479
239	545
241	261
243	515
244	95
244	229
244	333
245	166
248	186
248	237
248	574
248	596
249	155
249	413
252	367
254	309
255	176
255	235
255	369
255	498
256	74
256	137
256	145
257	30
258	16
258	106
259	195
260	315
261	138
261	255
261	359
262	265
263	536
266	219
266	334
266	456
268	323
268	477
268	489
269	501
270	310
270	583
273	8
273	302
275	215
276	90
276	179
276	373
277	3
277	259
277	527
279	4
279	50
280	441
280	568
281	441
283	239
284	370
284	532
285	241
287	381
287	530
288	486
289	114
289	378
290	51
290	249
290	361
292	168
292	237
293	478
294	368
295	135
295	516
295	568
297	553
298	234
299	314
299	491
300	391
301	17
301	479
302	126
302	261
302	385
303	254
303	291
305	56
305	161
305	459
305	474
306	483
307	13
307	306
307	552
308	145
308	222
308	297
309	402
310	111
310	281
310	354
312	97
312	461
314	415
314	495
315	43
315	103
315	278
315	497
316	296
316	354
316	538
316	547
317	75
317	322
318	314
318	390
321	349
321	595
322	17
322	309
322	532
322	593
323	42
323	352
323	433
324	81
325	539
326	3
326	194
326	450
326	545
328	217
329	37
330	410
330	472
331	289
332	588
333	551
334	376
334	468
335	32
337	70
337	95
337	382
338	101
338	234
340	577
342	34
342	432
343	152
343	158
345	197
345	450
347	17
347	72
347	83
347	323
347	329
348	397
349	129
349	201
351	105
351	168
351	302
351	598
352	146
353	518
354	62
354	205
355	268
357	501
357	516
358	466
359	83
360	61
360	154
360	201
360	227
360	456
361	596
362	58
362	209
362	344
362	515
363	0
365	35
367	142
367	189
367	260
369	282
369	562
370	478
371	184
371	346
373	423
373	499
374	103
374	312
374	423
374	543
375	323
375	466
376	235
377	112
377	118
377	198
377	463
377	549
378	91
380	257
381	282
381	401
381	469
382	335
383	555
384	69
384	75
384	350
384	462
385	193
385	484
385	515
385	541
387	71
387	572
388	466
389	9
389	19
389	126
391	65
392	149
393	330
393	558
394	12
395	104
395	124
396	111
396	304
397	17
397	341
397	379
397	406
399	376
400	501
401	312
401	465
402	71
402	310
403	468
404	211
405	153
405	358
406	119
407	153
409	432
411	198
411	576
412	76
413	109
413	552
414	406
417	14
417	379
419	138
419	440
419	470
419	586
420	275
421	326
422	280
424	274
424	529
425	98
426	39
426	196
426	243
426	468
429	94
429	108
429	136
429	198
430	216
430	576
431	132
431	174
433	43
433	271
434	299
435	22
437	72
437	583
438	88
438	367
439	130
439	181
440	266
441	69
441	75
441	208
441	243
443	599
444	37
444	574
445	269
445	430
445	455
446	22
446	150
446	347
447	6
447	183
447	261
448	25
449	508
450	103
450	314
451	67
451	351
451	390
452	3
452	304
452	323
453	97
453	103
453	419
453	501
453	561
454	193
457	166
458	350
459	101
459	103
459	293
460	310
461	307
462	91
462	271
464	499
468	322
469	92
469	189
469	193
469	535
470	63
470	583
471	93
471	455
473	372
474	400
474	495
475	375
476	9
476	110
476	235
476	434
479	44
479	599
481	413
481	583
483	178
483	320
484	335
484	362
484	556
486	476
487	297
487	345
488	361
488	531
490	147
490	310
490	400
492	24
495	162
496	82
496	102
497	96
497	246
498	424
500	136
500	328
501	6
502	320
502	472
502	526
503	348
504	178
504	453
505	167
505	209
505	316
506	157
506	386
508	413
508	528
508	593
509	107
509	278
510	312
511	159
511	546
512	418
513	260
513	346
514	28
516	146
516	150
516	355
517	264
518	555
519	241
520	471
522	230
522	312
522	313
523	442
524	347
525	543
528	109
528	283
528	383
528	566
529	202
529	470
529	496
530	452
531	253
531	534
531	569
533	157
534	567
535	52
535	191
535	203
535	327
537	569
538	106
538	532
539	202
539	224
539	381
539	564
540	54
540	309
540	487
540	497
542	550
542	580
543	16
543	146
544	13
544	224
544	268
544	472
545	239
545	243
545	499
546	271
546	389
547	416
548	170
549	152
549	180
549	497
550	84
550	167
550	186
551	11
551	263
552	153
552	477
553	159
554	592
555	417
555	589
556	521
557	57
557	261
558	122
558	557
561	73
561	276
562	259
562	434
563	433
564	494
564	570
565	530
566	145
568	440
569	171
570	137
570	246
570	407
571	131
571	369
572	245
572	435
573	22
573	132
573	400
573	451
574	78
574	101
575	17
575	203
575	385
578	568
579	313
580	475
581	83
581	205
581	219
582	308
582	451
582	479
583	25
585	295
585	328
585	420
585	518
586	39
586	170
587	348
588	66
588	465
589	226
590	3
590	143
591	74
592	165
593	43
593	47
596	147
596	263
596	452
598	97
598	192
599	111
-----------
0	272
2	373
3	379
4	533
8	234
9	209
10	50
10	432
11	94
11	560
13	429
13	560
14	521
15	47
16	249
16	356
16	406
16	470
17	312
17	323
19	562
20	22
20	255
20	271
20	483
21	307
22	114
22	132
24	204
24	523
25	80
25	410
26	302
27	96
27	308
28	455
31	160
31	431
33	279
33	524
34	15
34	253
34	429
37	101
37	147
37	153
38	311
40	133
41	545
42	262
43	369
44	302
44	486
44	498
45	268
45	361
46	475
47	277
47	519
50	282
50	329
50	414
51	19
53	363
54	103
54	208
54	521
54	558
55	303
56	472
57	239
58	323
58	530
59	103
59	148
60	296
60	437
61	198
61	548
61	595
62	107
63	146
64	184
66	73
66	193
67	281
67	417
67	585
68	178
68	352
69	161
69	386
69	570
71	179
71	340
73	423
74	38
74	42
75	204
77	278
77	281
77	480
77	505
78	109
79	101
80	26
80	240
80	525
80	568
81	134
81	237
81	517
83	4
83	23
83	207
84	558
85	135
85	160
86	10
86	101
86	109
86	209
86	230
87	282
88	88
89	385
91	563
92	256
92	570
93	559
94	569
96	358
98	329
99	323
99	382
100	208
100	541
101	122
101	457
101	495
103	264
104	366
104	570
105	109
105	149
105	157
105	160
105	281
105	293
105	457
106	116
108	40
109	260
109	265
109	440
111	124
111	135
111	305
112	125
112	213
112	478
113	85
113	105
113	148
114	11
114	251
114	518
114	571
115	405
115	447
118	497
118	531
120	123
122	104
122	134
125	583
126	197
126	516
127	183
127	250
127	406
128	586
129	364
129	370
129	547
130	6
130	301
131	60
131	287
132	371
133	213
135	527
136	165
136	211
137	228
137	291
137	419
138	166
139	339
141	166
141	288
141	349
141	399
141	477
141	481
142	10
142	75
142	597
143	222
144	536
145	85
145	139
145	255
145	346
145	446
145	570
146	196
146	198
147	258
148	164
149	261
149	489
149	527
149	576
150	0
151	194
152	121
153	279
153	347
154	467
155	156
155	468
156	280
157	135
159	219
160	370
162	24
164	105
164	148
165	279
166	420
167	346
167	559
167	578
168	271
168	470
169	224
169	260
169	331
169	567
171	13
172	385
172	469
173	59
174	86
175	390
175	475
175	551
176	506
177	420
178	55
179	143
179	148
179	598
181	287
181	303
182	546
183	425
184	427
185	39
185	231
185	248
187	145
187	307
187	447
190	212
191	254
191	309
191	395
191	459
192	266
192	318
192	595
193	102
193	168
193	227
195	261
195	538
196	291
196	525
198	90
198	296
198	478
199	590
200	8
200	216
200	243
202	158
204	430
205	205
205	524
207	55
207	140
207	304
208	263
208	300
209	86
209	219
209	271
209	438
209	488
210	26
210	478
211	95
211	226
211	419
211	521
212	190
212	383
214	260
214	545
215	160
216	172
217	186
217	243
218	485
220	13
220	382
221	117
221	314
222	12
222	47
223	193
223	222
224	75
224	347
224	562
225	382
226	136
226	369
226	496
226	593
228	74
229	369
229	432
230	547
232	336
233	314
235	282
235	353
235	433
235	497
236	43
236	414
237	217
237	377
237	531
238	424
239	191
239	215
239	434
241	261
243	515
244	65
244	229
244	333
245	130
248	76
248	573
248	574
248	596
249	155
249	413
252	529
254	379
255	25
255	133
255	135
255	176
256	74
256	137
256	359
257	37
258	16
258	106
259	195
260	315
261	138
261	255
261	410
262	381
263	580
266	334
266	434
266	456
268	157
268	323
268	477
269	501
270	310
270	599
273	146
273	199
275	22
276	43
276	247
276	413
277	3
277	527
277	593
279	91
279	330
280	441
280	588
281	6
283	440
284	370
284	532
285	241
287	239
287	530
288	486
289	114
289	378
290	51
290	249
290	361
292	69
292	237
293	401
294	368
295	235
295	375
295	452
297	553
298	157
299	103
299	491
300	261
301	17
301	205
302	126
302	430
302	595
303	254
303	538
305	161
305	225
305	474
305	479
306	483
307	13
307	306
307	552
308	24
308	297
308	419
309	189
310	71
310	111
310	354
312	97
312	194
314	268
314	495
315	43
315	226
315	278
315	497
316	291
316	296
316	354
316	547
317	75
317	322
318	266
318	468
321	16
321	70
322	259
322	309
322	432
322	532
323	63
323	352
323	433
324	81
325	539
326	3
326	246
326	273
326	508
328	217
329	30
330	411
330	472
331	289
332	588
333	568
334	376
334	468
335	32
337	157
337	315
337	576
338	234
338	400
340	577
342	34
342	432
343	152
343	317
345	197
345	450
347	17
347	72
347	83
347	198
347	323
348	543
349	129
349	413
351	78
351	105
351	147
351	302
352	532
353	397
354	62
354	595
355	373
357	478
357	501
358	2
359	83
360	75
360	154
360	201
360	386
360	456
361	596
362	58
362	162
362	180
362	344
363	0
365	35
367	142
367	300
367	463
369	71
369	76
370	206
371	101
371	184
373	423
373	499
374	103
374	153
374	397
374	423
375	466
375	496
376	235
377	118
377	167
377	189
377	385
377	549
378	91
380	257
381	370
381	401
381	469
382	335
383	555
384	145
384	168
384	462
384	487
385	72
385	484
385	515
385	541
387	282
387	441
388	466
389	94
389	267
389	476
391	65
392	265
393	4
393	558
394	12
395	124
395	391
396	111
396	304
397	17
397	309
397	367
397	406
399	376
400	259
401	312
401	465
402	310
402	472
403	108
404	211
405	46
405	273
406	119
407	153
409	17
411	190
411	576
412	344
413	164
413	552
414	406
417	379
417	451
419	138
419	198
419	203
419	586
420	275
421	326
422	280
424	274
424	367
425	98
426	39
426	196
426	243
426	468
429	94
429	95
429	314
429	380
430	260
430	491
431	132
431	174
433	159
433	317
434	299
435	532
437	72
437	583
438	59
438	367
439	130
439	181
440	266
441	61
441	69
441	181
441	543
443	266
444	37
444	574
445	269
445	430
445	559
446	22
446	117
446	150
447	126
447	227
447	446
448	320
449	146
450	103
450	314
451	67
451	351
451	479
452	3
452	304
452	323
453	59
453	97
453	379
453	419
453	501
454	481
457	166
458	350
459	103
459	293
459	561
460	348
461	307
462	50
462	271
464	499
468	322
469	92
469	193
469	402
469	535
470	494
470	583
471	43
471	455
473	372
474	400
474	528
475	47
476	9
476	110
476	219
476	235
479	44
479	599
481	201
481	583
483	174
483	186
484	335
484	362
484	556
486	261
487	297
487	345
488	348
488	526
490	80
490	400
490	416
492	234
495	565
496	82
496	102
497	402
497	461
498	424
500	136
500	328
501	413
502	178
502	320
502	355
503	310
504	66
504	453
505	198
505	209
505	316
506	319
506	350
508	528
508	572
508	593
509	278
509	390
510	312
511	93
511	443
512	418
513	87
513	235
514	28
516	146
516	150
516	361
517	47
518	555
519	56
520	471
522	307
522	312
522	313
523	442
524	347
525	243
528	221
528	283
528	566
528	568
529	202
529	470
529	496
530	452
531	253
531	472
531	569
533	199
534	567
535	52
535	191
535	327
535	440
537	9
538	106
538	532
539	149
539	202
539	224
539	564
540	282
540	309
540	497
540	568
542	298
542	550
543	16
543	146
544	13
544	310
544	415
544	534
545	239
545	499
545	522
546	389
546	450
547	147
548	170
549	152
549	174
549	515
550	84
550	132
550	295
551	263
551	466
552	153
552	561
553	159
554	592
555	417
555	589
556	521
557	57
557	341
558	122
558	557
561	73
561	276
562	246
562	479
563	381
564	494
564	570
565	530
566	145
568	484
569	171
570	14
570	137
570	407
571	211
571	387
572	245
572	435
573	167
573	329
573	400
573	501
574	17
574	168
575	101
575	112
575	203
578	263
579	313
580	475
581	83
581	268
581	429
582	219
582	241
582	451
583	498
585	25
585	328
585	420
585	518
586	170
586	277
587	348
588	312
588	465
589	131
590	3
590	143
591	74
592	571
593	5
593	179
596	54
596	516
596	598
598	97
598	192
599	111
-----------
0	486
2	291
3	379
4	533
8	234
9	209
10	50
10	432
11	94
11	559
13	153
13	429
14	521
15	47
16	198
16	243
16	272
16	356
17	69
17	312
19	323
20	22
20	255
20	370
20	483
21	307
22	114
22	132
24	160
24	523
25	80
25	410
26	302
27	429
27	571
28	455
31	117
31	160
33	279
33	524
34	15
34	193
34	429
37	101
37	147
37	273
38	311
40	133
41	545
42	194
43	369
44	302
44	308
44	498
45	266
45	361
46	475
47	519
47	595
50	282
50	381
50	414
51	178
53	363
54	156
54	208
54	379
54	558
55	267
56	472
57	239
58	162
58	552
59	456
59	480
60	191
60	226
61	307
61	478
61	548
62	373
63	146
64	184
66	73
66	193
67	109
67	157
67	585
68	178
68	352
69	161
69	386
69	495
71	179
71	506
73	498
74	38
74	494
75	204
77	278
77	281
77	481
77	505
78	417
79	196
80	26
80	240
80	525
80	568
81	134
81	386
81	517
83	4
83	23
83	207
84	239
85	135
85	204
86	101
86	209
86	221
86	277
86	527
87	333
88	88
89	224
91	563
92	256
92	570
93	212
94	569
96	414
98	329
99	92
99	496
100	208
100	541
101	43
101	385
101	570
103	377
104	366
104	570
105	149
105	164
105	260
105	293
105	451
105	457
105	558
106	116
108	283
109	260
109	265
109	440
111	135
111	305
111	341
112	101
112	213
112	420
113	2
113	148
113	501
114	145
114	251
114	466
114	518
115	405
115	447
118	160
118	348
120	123
122	134
122	499
125	446
126	197
126	516
127	250
127	266
127	406
128	586
129	364
129	370
129	597
130	6
130	301
131	60
131	287
132	323
133	201
135	598
136	211
136	382
137	228
137	291
137	419
138	166
139	339
141	130
141	258
141	281
141	288
141	349
141	477
142	10
142	217
142	303
143	222
144	298
145	65
145	85
145	255
145	346
145	402
145	583
146	101
146	373
147	399
148	95
149	148
149	205
149	309
149	576
150	0
151	262
152	121
153	26
153	279
154	467
155	191
155	468
156	280
157	135
159	219
160	103
162	521
164	105
164	148
165	190
166	125
167	296
167	328
167	578
168	271
168	350
169	181
169	224
169	259
169	567
171	287
172	385
172	469
173	59
174	86
175	75
175	375
175	479
176	340
177	420
178	55
179	143
179	148
179	527
181	314
181	475
182	370
183	425
184	427
185	231
185	248
185	526
187	410
187	447
187	593
190	559
191	85
191	254
191	395
191	547
192	266
192	318
192	595
193	102
193	168
193	319
195	261
195	538
196	203
196	279
198	40
198	90
198	568
199	590
200	105
200	199
200	216
202	183
204	57
205	524
205	595
207	55
207	140
207	304
208	263
208	463
209	86
209	271
209	402
209	488
209	528
210	246
210	347
211	164
211	249
211	419
211	521
212	190
212	383
214	174
214	532
215	160
216	211
217	186
217	243
218	485
220	13
220	382
221	117
221	146
222	12
222	47
223	72
223	222
224	75
224	347
224	562
225	165
226	136
226	192
226	307
226	496
228	74
229	369
229	432
230	547
232	336
233	13
235	282
235	353
235	451
235	497
236	46
236	122
237	47
237	531
237	547
238	424
239	24
239	215
239	434
241	261
243	515
244	76
244	229
244	495
245	166
248	237
248	573
248	574
248	596
249	4
249	155
252	529
254	309
255	25
255	133
255	135
255	176
256	145
256	253
256	539
257	30
258	16
258	106
259	195
260	583
261	255
261	530
261	561
262	329
263	111
266	219
266	334
266	456
268	477
268	489
268	572
269	501
270	9
270	599
273	8
273	387
275	22
276	179
276	247
276	413
277	3
277	10
277	593
279	50
279	413
280	441
280	568
281	71
283	440
284	370
284	532
285	241
287	433
287	530
288	486
289	114
289	378
290	249
290	446
290	561
292	237
292	315
293	401
294	368
295	235
295	452
295	551
297	553
298	234
299	314
299	491
300	261
301	17
301	268
302	126
302	261
302	430
303	254
303	538
305	56
305	161
305	459
305	474
306	483
307	13
307	306
307	323
308	157
308	297
308	300
309	189
310	19
310	137
310	354
312	97
312	246
314	167
314	411
315	227
315	278
315	437
315	497
316	16
316	291
316	296
316	522
317	75
317	322
318	263
318	314
321	69
321	595
322	87
322	259
322	527
322	532
323	42
323	352
323	433
324	81
325	137
326	3
326	194
326	273
326	531
328	217
329	37
330	415
330	472
331	494
332	588
333	568
334	376
334	468
335	32
337	70
337	95
337	576
338	234
338	400
340	322
342	34
342	432
343	22
343	317
345	450
345	593
347	17
347	83
347	146
347	323
347	407
348	543
349	129
349	201
351	149
351	168
351	302
351	406
352	532
353	226
354	62
354	354
355	107
357	478
357	501
358	105
359	83
360	154
360	213
360	227
360	530
360	555
361	596
362	58
362	282
362	515
362	565
363	0
365	35
367	142
367	189
367	198
369	71
369	329
370	465
371	184
371	346
373	104
373	423
374	66
374	103
374	397
374	423
375	323
375	466
376	235
377	112
377	118
377	198
377	344
377	549
378	91
380	430
381	344
381	401
381	469
382	335
383	484
384	84
384	168
384	462
384	546
385	193
385	300
385	515
385	541
387	295
387	441
388	466
389	126
389	303
389	536
391	413
392	147
393	330
393	558
394	12
395	124
395	391
396	304
396	580
397	17
397	367
397	379
397	406
399	376
400	478
401	206
401	312
402	6
402	310
403	468
404	211
405	153
405	358
406	119
407	567
409	17
411	198
411	576
412	146
413	109
413	371
414	406
417	14
417	379
419	138
419	440
419	470
419	586
420	275
421	326
422	280
424	274
424	367
425	98
426	39
426	196
426	243
426	468
429	94
429	108
429	157
429	198
430	260
430	382
431	132
431	174
433	43
433	93
434	299
435	545
437	72
437	315
438	59
438	367
439	130
439	181
440	266
441	44
441	61
441	243
441	260
443	139
444	37
444	574
445	269
445	430
445	560
446	150
446	152
446	475
447	158
447	317
447	476
448	320
449	508
450	103
450	314
451	67
451	143
451	390
452	3
452	323
452	362
453	83
453	97
453	103
453	235
453	419
454	481
457	166
458	470
459	59
459	147
459	293
460	348
461	307
462	91
462	271
464	499
468	577
469	74
469	361
469	491
469	535
470	63
470	583
471	43
471	455
473	372
474	400
474	528
475	5
476	9
476	110
476	434
476	501
479	552
479	599
481	570
481	583
483	174
483	186
484	96
484	304
484	335
486	570
487	153
487	345
488	277
488	450
490	80
490	400
490	416
492	24
495	309
496	82
496	102
497	461
497	556
498	424
500	136
500	225
501	562
502	320
502	355
502	472
503	310
504	453
504	560
505	167
505	209
505	316
506	282
506	350
508	197
508	413
508	438
509	268
509	278
510	312
511	159
511	443
512	361
513	235
513	432
514	28
516	72
516	150
516	418
517	264
518	555
519	479
520	471
522	230
522	312
522	313
523	442
524	347
525	543
528	109
528	419
528	566
528	588
529	202
529	470
529	496
530	452
531	253
531	472
531	569
533	199
534	103
535	52
535	203
535	296
535	327
537	310
538	106
538	532
539	202
539	265
539	348
539	457
540	309
540	487
540	559
540	571
542	94
542	550
543	16
543	146
544	13
544	268
544	310
544	534
545	239
545	328
545	499
546	271
546	389
547	297
548	170
549	152
549	180
549	497
550	65
550	282
550	397
551	11
551	390
552	51
552	153
553	159
554	592
555	417
555	589
556	521
557	124
557	257
558	122
558	557
561	73
561	276
562	331
562	479
563	381
564	261
564	289
565	75
566	145
568	484
569	171
570	76
570	111
570	359
571	103
571	172
572	245
572	435
573	132
573	157
573	380
573	400
574	78
574	101
575	17
575	385
575	525
578	478
579	313
580	431
581	138
581	205
581	219
582	219
582	241
582	281
583	423
585	25
585	420
585	497
585	518
586	39
586	170
587	564
588	312
588	465
589	131
590	3
590	351
591	74
592	54
593	43
593	47
596	263
596	516
596	598
598	97
598	369
599	111
-----------
