0	649
1	42
1	355
1	527
2	153
2	216
2	267
2	288
2	506
3	364
4	165
4	295
4	341
4	439
4	778
5	364
6	453
6	712
7	422
8	52
8	221
9	423
10	137
10	617
11	157
11	455
12	554
13	251
15	231
17	373
17	482
17	679
19	11
19	751
20	6
20	193
20	517
20	570
21	323
22	87
22	216
22	221
22	299
22	544
23	22
23	472
23	495
24	423
24	572
24	653
25	342
25	492
26	394
26	468
28	116
28	154
29	148
29	472
30	434
30	552
31	213
31	432
31	793
33	449
33	685
33	687
34	144
34	584
35	274
35	404
36	98
36	497
36	694
37	61
37	141
37	353
37	438
37	697
38	33
38	81
38	286
39	41
39	133
39	685
40	74
40	230
40	263
41	403
42	19
42	213
42	335
42	755
43	199
43	568
43	598
43	601
44	459
44	668
45	142
45	358
45	731
47	4
48	545
48	611
48	681
48	735
49	559
51	525
52	568
53	525
54	23
54	228
54	339
54	649
55	330
56	106
56	154
58	171
59	637
60	507
61	105
61	451
62	225
64	17
64	236
65	343
65	474
66	316
66	762
67	119
67	320
67	529
71	114
72	48
73	215
74	272
74	447
75	291
76	705
78	443
79	90
79	207
79	344
81	44
81	251
82	425
83	111
84	171
85	160
85	379
88	192
88	296
88	469
88	707
89	292
90	695
91	259
91	292
91	694
92	52
92	482
92	577
93	35
94	30
94	798
95	132
96	256
96	571
98	202
98	761
100	435
101	146
102	45
105	432
106	278
107	142
107	202
109	465
109	630
109	735
111	495
111	692
112	271
112	662
113	495
114	411
116	139
116	464
117	7
117	194
117	667
117	738
118	229
119	378
121	765
122	490
122	580
122	653
123	733
124	103
126	182
127	112
127	776
128	756
128	775
129	39
129	386
129	512
131	30
131	87
131	456
131	629
132	376
132	408
133	524
133	762
134	412
134	599
135	117
135	471
135	562
136	528
138	130
138	415
139	288
139	414
140	707
141	218
141	340
141	345
142	164
142	636
143	2
143	336
144	82
145	148
146	158
147	189
148	298
149	88
152	161
153	3
155	85
156	578
156	779
157	632
158	108
158	546
161	784
162	744
164	684
165	720
167	334
168	677
169	96
169	216
169	275
170	92
170	128
170	145
171	60
172	434
172	585
175	31
176	339
176	418
176	523
177	5
177	379
177	482
178	84
179	3
179	194
182	640
182	766
183	587
183	778
184	451
186	788
187	170
188	158
188	613
189	276
189	753
191	168
191	213
191	491
192	284
192	310
193	75
193	604
194	56
194	401
194	484
195	197
196	270
196	668
196	705
197	29
197	329
197	508
198	564
199	566
201	624
202	224
202	706
202	799
203	441
203	505
204	423
205	520
206	7
206	447
206	765
207	404
208	405
208	595
209	99
209	734
211	472
213	137
213	720
214	45
214	142
215	321
215	720
216	42
217	80
218	11
218	296
218	562
219	556
220	217
220	489
220	748
221	414
222	663
223	264
224	169
224	763
226	778
227	562
228	27
228	458
228	778
229	762
230	260
230	719
231	176
232	628
233	186
233	319
233	514
233	561
233	697
234	795
235	212
235	713
237	374
238	9
238	600
239	170
239	278
239	569
240	92
240	151
240	759
241	49
241	184
241	216
241	712
242	77
242	138
242	187
242	442
244	498
244	531
244	625
245	606
245	743
247	288
248	69
248	675
249	261
250	76
250	86
250	113
250	612
251	781
252	419
253	566
254	301
254	761
255	251
255	666
258	438
259	734
260	74
260	787
261	74
261	472
261	780
262	189
264	127
264	211
264	494
264	677
267	304
267	389
267	719
268	18
270	0
270	310
271	43
272	88
273	49
273	88
273	771
274	245
275	296
276	13
276	180
277	34
277	635
277	785
278	345
278	592
278	634
279	584
280	304
281	176
282	25
282	375
282	743
283	519
283	681
286	96
287	592
287	608
288	373
290	674
291	476
291	605
292	56
292	578
293	177
293	697
294	290
294	302
294	444
295	167
296	132
297	146
298	73
298	89
300	14
301	178
301	597
304	280
304	413
304	571
305	63
305	466
305	691
307	279
309	369
309	675
310	90
310	196
313	674
313	766
315	562
317	504
317	613
317	647
318	166
318	234
319	308
320	4
320	194
321	371
322	238
322	360
322	382
323	473
324	580
327	574
327	710
328	238
328	700
329	195
329	305
329	742
330	299
330	521
331	180
331	551
332	151
332	518
333	54
333	358
333	455
334	114
335	71
337	50
338	71
338	426
339	272
339	538
339	722
340	161
340	711
341	267
342	476
342	691
343	426
344	23
345	327
345	524
345	742
346	492
347	580
347	736
348	449
348	453
348	614
348	649
350	278
351	189
351	370
351	408
351	422
352	56
353	495
353	530
354	500
355	111
355	648
356	97
356	336
356	550
356	699
357	291
357	382
360	705
360	733
361	323
362	560
362	700
363	434
364	492
364	575
364	738
365	49
366	129
366	209
368	260
368	319
368	536
370	129
370	522
371	764
372	18
372	52
372	64
372	330
373	100
373	370
373	438
374	400
375	134
375	482
376	40
376	309
378	363
379	24
379	367
379	765
380	596
381	193
382	453
382	564
382	582
382	643
383	74
383	340
383	611
384	259
384	411
384	619
384	784
385	549
385	665
385	672
386	79
386	544
386	606
386	643
387	214
387	759
389	186
389	257
389	339
391	5
391	147
392	81
393	379
393	710
395	111
395	458
397	268
398	74
400	459
401	178
401	340
401	589
401	762
402	61
402	177
402	609
403	450
403	706
404	768
405	722
407	206
407	547
407	550
408	438
409	527
409	562
410	316
410	351
410	648
411	71
411	264
412	407
413	51
413	99
413	443
416	786
417	120
417	241
417	466
419	123
419	369
419	660
421	275
421	659
422	203
423	122
423	407
423	711
423	754
424	719
425	628
426	651
427	208
428	284
428	715
429	746
430	51
430	101
430	126
430	732
431	476
433	366
433	495
433	528
434	459
434	670
435	345
436	49
436	54
436	464
437	199
437	491
437	745
438	485
438	644
439	43
439	761
440	674
441	25
441	97
442	22
443	200
443	304
443	526
444	220
446	268
446	521
446	735
447	243
447	383
447	704
448	633
450	350
450	706
451	790
452	110
452	413
453	357
454	432
454	760
454	783
458	54
458	727
460	209
460	573
460	577
462	7
462	486
462	591
462	794
463	265
464	709
465	155
465	164
467	114
468	529
469	262
472	473
472	605
472	794
473	147
477	414
477	617
479	8
479	431
481	718
482	127
482	791
485	453
485	535
486	482
486	756
488	359
488	713
489	380
492	131
492	277
492	441
493	193
493	260
495	355
497	622
498	413
498	707
501	50
501	56
501	504
501	524
501	752
502	51
502	762
503	273
503	352
504	103
504	735
504	753
506	483
511	26
511	360
512	515
512	753
514	571
515	530
516	537
517	617
517	657
518	124
518	625
520	640
520	715
521	745
523	441
525	386
525	713
526	693
527	404
527	527
528	179
528	573
528	694
530	37
530	236
532	143
532	155
532	628
534	183
534	561
534	783
535	65
535	539
536	246
536	548
536	681
538	8
538	700
539	189
539	282
540	677
540	775
541	65
541	135
542	151
542	376
542	738
543	574
543	773
544	66
544	515
544	617
546	347
547	143
548	700
548	782
549	41
549	362
549	466
549	492
550	153
551	97
551	236
551	555
552	247
554	548
555	784
556	366
556	413
556	541
557	2
557	351
558	318
558	712
559	752
561	38
562	398
562	466
563	688
564	122
565	579
566	633
567	109
567	479
568	169
568	712
569	105
569	269
569	345
570	89
570	757
571	607
572	339
573	647
574	776
575	277
578	85
579	186
579	269
579	559
580	220
580	693
581	198
581	618
582	745
584	234
585	219
585	434
586	9
586	134
586	149
586	208
586	228
587	439
587	462
588	374
588	410
588	557
589	366
590	159
591	587
591	743
592	583
593	28
593	249
593	361
595	563
596	708
598	782
602	199
602	599
602	771
603	48
603	591
603	712
603	766
606	701
608	422
608	542
609	116
610	418
610	511
611	326
611	460
612	222
612	359
613	182
614	218
614	722
615	358
615	706
616	202
616	526
617	66
617	493
618	142
618	471
619	138
619	593
619	737
620	267
620	653
620	713
621	143
622	152
622	202
622	678
623	338
623	442
624	750
626	614
626	675
629	89
629	190
629	490
629	541
630	159
630	462
631	683
632	152
632	696
633	75
633	648
635	481
635	789
636	256
636	514
637	353
637	439
638	772
639	93
641	47
641	711
642	421
643	577
643	789
646	432
647	217
647	527
648	191
648	283
648	633
649	271
649	793
650	683
650	793
651	493
651	679
651	708
653	37
653	757
653	785
654	736
656	103
656	489
657	301
658	173
658	194
658	332
658	367
659	623
659	681
660	512
660	611
660	639
661	76
661	579
661	680
662	530
662	692
663	496
663	751
664	35
664	167
664	212
665	572
666	147
666	755
667	19
668	256
668	714
668	725
669	127
669	202
669	632
670	585
671	627
672	332
672	362
672	387
673	793
674	558
675	120
675	376
676	432
676	477
677	380
678	147
678	614
679	312
679	354
679	417
679	584
679	613
680	597
680	705
681	450
684	216
684	397
684	477
685	467
687	279
689	589
689	671
690	221
690	227
690	464
692	720
693	347
694	116
694	179
694	224
694	317
694	556
698	43
700	478
701	263
701	268
702	727
702	757
703	319
703	539
704	12
704	108
705	35
706	669
707	311
709	38
709	356
709	386
709	399
710	181
710	296
710	340
711	122
712	52
712	740
713	650
715	423
716	174
716	224
717	570
717	597
717	775
718	75
719	40
721	130
723	532
724	26
724	104
725	8
725	634
726	80
726	331
727	120
727	390
727	593
728	566
728	784
729	117
729	218
730	723
730	791
731	367
731	552
732	456
733	230
734	127
734	353
735	461
735	469
735	688
736	32
736	262
736	269
737	303
738	474
738	513
739	38
741	486
742	511
744	89
745	122
745	350
747	622
747	763
748	284
748	318
748	570
749	213
749	263
749	551
750	209
750	273
751	745
752	134
753	262
753	785
754	9
754	241
755	608
756	232
756	237
756	611
757	59
757	235
757	423
758	535
759	243
759	462
760	585
760	786
761	367
762	708
762	799
763	17
763	716
764	428
765	52
765	107
765	415
766	8
768	7
768	38
769	263
770	346
771	194
771	446
772	363
773	316
774	53
779	0
779	674
780	249
780	530
781	53
781	246
781	559
782	755
785	13
785	77
786	215
786	537
787	386
787	517
790	2
790	41
790	515
791	563
791	713
793	177
793	503
794	170
794	208
794	490
794	630
794	743
795	421
795	466
796	63
796	130
796	310
797	117
798	14
798	322
798	521
799	18
799	225
799	402
-----------
0	649
1	42
1	355
1	527
2	52
2	267
2	288
2	347
2	786
3	438
4	165
4	295
4	341
4	625
4	778
5	364
6	453
6	712
7	500
8	153
8	221
9	423
10	137
10	617
11	212
11	455
12	554
13	251
15	231
17	236
17	373
17	482
19	11
19	267
20	6
20	308
20	517
20	524
21	323
22	87
22	216
22	544
22	611
22	753
23	422
23	472
23	607
24	30
24	423
24	653
25	342
25	492
26	394
26	468
28	116
28	154
29	148
29	472
30	434
30	552
31	213
31	432
31	793
33	449
33	685
33	687
34	144
34	584
35	274
35	404
36	98
36	497
36	694
37	61
37	141
37	353
37	722
37	757
38	33
38	81
38	286
39	508
39	538
39	685
40	167
40	230
40	263
41	403
42	19
42	213
42	243
42	335
43	199
43	535
43	568
43	598
44	268
44	459
45	358
45	426
45	731
47	4
48	209
48	545
48	611
48	735
49	559
51	525
52	568
53	525
54	23
54	228
54	339
54	649
55	330
56	154
56	628
58	171
59	637
60	507
61	105
61	451
62	225
64	278
64	622
65	343
65	474
66	316
66	762
67	119
67	320
67	529
71	114
72	48
73	215
74	272
74	447
75	291
76	705
78	443
79	207
79	344
79	784
81	44
81	251
82	425
83	111
84	171
85	169
85	379
88	296
88	386
88	469
88	707
89	292
90	695
91	505
91	694
91	697
92	52
92	577
92	596
93	35
94	30
94	584
95	132
96	203
96	571
98	202
98	761
100	435
101	146
102	45
105	432
106	278
107	142
107	202
109	408
109	465
109	735
111	495
111	692
112	38
112	71
113	495
114	411
116	139
116	464
117	7
117	194
117	667
117	697
118	229
119	378
121	765
122	490
122	580
122	653
123	733
124	103
126	182
127	112
127	776
128	14
128	756
129	39
129	386
129	558
131	87
131	456
131	572
131	629
132	376
132	630
133	17
133	524
134	412
134	599
135	117
135	471
135	562
136	562
138	130
138	415
139	288
139	414
140	707
141	218
141	345
141	566
142	164
142	745
143	2
143	336
144	82
145	148
146	7
147	189
148	298
149	88
152	161
153	3
155	85
156	578
156	779
157	632
158	108
158	771
161	5
162	495
164	684
165	649
167	334
168	213
169	96
169	216
169	275
170	92
170	145
170	766
171	761
172	63
172	413
175	482
176	339
176	418
176	523
177	41
177	322
177	345
178	84
179	3
179	194
182	640
182	766
183	532
183	778
184	451
186	788
187	170
188	158
188	674
189	570
189	753
191	168
191	213
191	491
192	310
192	423
193	75
193	604
194	401
194	484
194	633
195	197
196	270
196	370
196	712
197	29
197	262
197	329
198	564
199	566
201	624
202	116
202	224
202	706
203	259
203	441
204	277
205	40
206	0
206	158
206	447
207	169
208	405
208	738
209	99
209	734
211	189
213	137
213	720
214	41
214	45
215	321
215	720
216	42
217	80
218	11
218	296
218	528
219	556
220	217
220	633
220	748
221	414
222	663
223	794
224	404
224	763
226	482
227	562
228	458
228	628
228	778
229	762
230	260
230	719
231	176
232	27
233	319
233	514
233	561
233	700
233	738
234	795
235	212
235	713
237	374
238	9
238	600
239	88
239	170
239	527
240	131
240	182
240	472
241	49
241	184
241	216
241	705
242	77
242	138
242	362
242	442
244	361
244	439
244	531
245	100
245	743
247	288
248	69
248	674
249	261
250	86
250	113
250	220
250	612
251	622
252	419
253	56
254	60
254	301
255	251
255	666
258	438
259	734
260	74
260	444
261	92
261	668
261	780
262	189
264	122
264	127
264	494
264	677
267	186
267	389
267	719
268	18
270	0
270	310
271	799
272	88
273	132
273	569
273	771
274	245
275	296
276	13
276	708
277	34
277	635
277	785
278	379
278	592
278	634
279	584
280	367
281	683
282	25
282	375
282	743
283	519
283	681
286	96
287	592
287	608
288	373
290	674
291	476
291	793
292	56
292	578
293	177
293	292
294	290
294	302
294	787
295	691
296	49
297	146
298	73
298	143
300	366
301	178
301	597
304	280
304	413
304	571
305	63
305	466
305	691
307	339
309	369
309	675
310	90
310	196
313	675
313	766
315	562
317	504
317	613
317	647
318	166
318	234
319	276
320	4
320	194
321	371
322	238
322	360
322	382
323	473
324	9
327	74
327	710
328	186
328	238
329	195
329	613
329	742
330	520
330	521
331	551
331	589
332	151
332	518
333	54
333	358
333	701
334	114
335	662
337	7
338	71
338	142
339	193
339	272
339	722
340	711
340	775
341	751
342	74
342	476
343	614
344	133
345	524
345	742
345	765
346	492
347	580
347	736
348	449
348	453
348	614
348	784
350	732
351	74
351	105
351	189
351	422
352	56
353	495
353	530
354	422
355	111
355	648
356	97
356	336
356	550
356	699
357	291
357	382
360	733
360	790
361	323
362	560
362	700
363	434
364	575
364	738
364	775
365	49
366	129
366	681
368	260
368	273
368	319
370	129
370	522
371	764
372	18
372	52
372	181
372	330
373	370
373	438
373	606
374	400
375	134
375	541
376	309
376	495
378	363
379	24
379	327
379	367
380	778
381	193
382	453
382	564
382	582
382	643
383	74
383	221
383	340
384	193
384	411
384	619
384	720
385	549
385	665
385	672
386	79
386	606
386	643
386	647
387	214
387	759
389	186
389	257
389	339
391	5
391	147
392	81
393	379
393	710
395	111
395	458
397	268
398	574
400	459
401	178
401	340
401	450
401	762
402	61
402	147
402	609
403	450
403	706
404	473
405	407
407	206
407	547
407	550
408	438
409	256
409	527
410	316
410	351
410	648
411	71
411	264
412	407
413	51
413	99
413	443
416	423
417	120
417	466
417	530
419	123
419	369
419	660
421	275
421	659
422	651
423	122
423	697
423	711
423	754
424	719
425	570
426	256
427	208
428	284
428	715
429	746
430	51
430	101
430	126
430	472
431	476
433	299
433	366
433	528
434	459
434	670
435	345
436	49
436	54
436	464
437	199
437	539
437	745
438	485
438	644
439	43
439	761
440	674
441	25
441	97
442	22
443	89
443	304
443	526
444	723
446	521
446	668
446	735
447	243
447	383
447	704
448	489
450	350
450	706
451	705
452	110
452	413
453	357
454	432
454	760
454	783
458	54
458	727
460	209
460	573
460	577
462	50
462	264
462	486
462	591
463	265
464	709
465	155
465	164
467	114
468	529
469	142
472	605
472	768
472	794
473	147
477	562
477	617
479	8
479	431
481	718
482	127
482	791
485	453
485	601
486	482
486	756
488	359
488	713
489	350
492	277
492	441
492	759
493	23
493	260
495	355
497	781
498	585
498	707
501	50
501	179
501	259
501	504
501	566
502	51
502	762
503	273
503	352
504	103
504	735
504	753
506	483
511	26
511	360
512	299
512	515
514	462
515	241
516	537
517	617
517	657
518	124
518	625
520	640
520	715
521	745
523	441
525	386
525	713
526	693
527	404
527	464
528	179
528	573
528	694
530	37
530	236
532	106
532	143
532	155
534	183
534	561
534	783
535	65
535	539
536	28
536	548
536	681
538	8
538	700
539	103
539	218
540	492
540	677
541	65
541	135
542	151
542	376
542	595
543	574
543	773
544	53
544	66
544	515
546	216
547	143
548	700
548	782
549	362
549	380
549	466
549	492
550	153
551	97
551	555
551	679
552	247
554	548
555	614
556	366
556	413
556	541
557	2
557	351
558	318
558	712
559	752
561	38
562	398
562	466
563	772
564	122
565	579
566	56
567	109
567	479
568	160
568	712
569	269
569	345
569	408
570	89
570	364
571	22
572	279
573	544
574	776
575	284
578	85
579	269
579	471
579	559
580	76
580	693
581	198
581	618
582	745
584	234
585	219
585	434
586	134
586	208
586	228
586	434
586	580
587	331
587	462
588	374
588	410
588	557
589	161
590	159
591	587
591	743
592	583
593	246
593	249
593	498
595	563
596	180
598	782
602	199
602	546
602	599
603	48
603	332
603	591
603	712
606	455
608	542
608	608
609	151
610	511
610	713
611	326
611	460
612	222
612	359
613	116
614	282
614	722
615	358
615	706
616	202
616	526
617	66
617	493
618	142
618	304
619	138
619	593
619	737
620	267
620	593
620	688
621	89
622	152
622	202
622	678
623	319
623	338
624	750
626	426
626	675
629	89
629	190
629	482
629	490
630	159
630	462
631	683
632	90
632	152
633	75
633	648
635	481
635	789
636	256
636	514
637	353
637	439
638	418
639	93
641	47
641	711
642	421
643	577
643	789
646	432
647	217
647	527
648	191
648	283
648	633
649	271
649	793
650	696
650	793
651	236
651	679
651	708
653	37
653	757
653	785
654	736
656	278
656	489
657	301
658	194
658	332
658	755
658	784
659	623
659	681
660	512
660	611
660	639
661	76
661	579
661	680
662	530
662	692
663	496
663	751
664	35
664	157
664	167
665	572
666	147
666	755
667	19
668	414
668	714
668	725
669	127
669	202
669	632
670	585
671	627
672	128
672	511
672	763
673	605
674	512
675	120
675	376
676	432
676	477
677	380
678	177
678	304
679	312
679	354
679	417
679	613
679	798
680	597
680	705
681	180
684	216
684	397
684	477
685	467
687	279
689	194
689	589
690	221
690	227
690	493
692	720
693	347
694	12
694	224
694	317
694	556
694	799
698	43
700	478
701	263
701	268
702	727
702	757
703	442
703	491
704	108
704	752
705	35
706	669
707	708
709	38
709	356
709	386
709	399
710	64
710	296
710	340
711	211
712	52
712	740
713	650
715	311
716	174
716	224
717	570
717	597
717	775
718	75
719	40
721	130
723	587
724	26
724	104
725	8
725	634
726	80
726	439
727	120
727	390
727	653
728	107
728	784
729	117
729	218
730	220
730	791
731	367
731	552
732	456
733	230
734	127
734	353
735	461
735	469
735	688
736	32
736	262
736	269
737	303
738	474
738	513
739	38
741	486
742	187
744	200
745	122
745	176
747	387
747	762
748	177
748	284
748	628
749	263
749	551
749	677
750	209
750	536
751	636
752	134
753	262
753	785
754	9
754	241
755	744
756	232
756	237
756	611
757	59
757	235
757	423
758	535
759	571
759	755
760	585
760	786
761	367
762	43
762	506
763	17
763	716
764	428
765	52
765	340
765	415
766	8
768	7
768	271
769	263
770	346
771	446
771	671
772	363
773	316
774	53
779	305
779	765
780	249
780	530
781	246
781	559
781	617
782	173
785	13
785	77
786	215
786	537
787	192
787	517
790	2
790	41
790	515
791	563
791	713
793	318
793	503
794	170
794	208
794	490
794	630
794	743
795	421
795	466
796	130
796	149
796	310
797	117
798	14
798	31
798	521
799	18
799	225
799	402
-----------
0	649
1	42
1	527
1	710
2	153
2	267
2	288
2	506
2	512
3	364
4	88
4	165
4	295
4	341
4	778
5	364
6	208
6	362
7	556
8	52
8	563
9	423
10	137
10	617
11	157
11	455
12	605
13	251
15	319
17	472
17	482
17	720
19	356
19	751
20	6
20	193
20	517
20	570
21	323
22	87
22	216
22	221
22	299
22	584
23	264
23	400
23	679
24	423
24	572
24	653
25	342
25	492
26	394
26	561
28	154
28	432
29	472
29	782
30	434
30	552
31	213
31	214
31	271
33	449
33	685
33	687
34	144
34	584
35	288
35	404
36	98
36	611
36	694
37	61
37	141
37	353
37	366
37	697
38	33
38	133
38	312
39	135
39	286
39	685
40	74
40	230
40	398
41	403
42	19
42	43
42	128
42	755
43	9
43	568
43	598
43	601
44	459
44	668
45	142
45	358
45	731
47	4
48	497
48	545
48	681
48	735
49	224
51	525
52	568
53	633
54	23
54	228
54	339
54	549
55	134
56	106
56	154
58	171
59	637
60	466
61	105
61	451
62	225
64	17
64	236
65	343
65	474
66	316
66	762
67	320
67	529
67	711
71	114
72	674
73	215
74	447
74	453
75	712
76	705
78	443
79	344
79	492
79	624
81	44
81	251
82	425
83	111
84	171
85	160
85	379
88	296
88	469
88	688
88	707
89	292
90	695
91	259
91	292
91	694
92	52
92	577
92	734
93	35
94	30
94	798
95	132
96	256
96	571
98	404
98	761
100	793
101	146
102	484
105	116
106	53
107	142
107	202
109	415
109	465
109	630
111	413
111	495
112	122
112	147
113	495
114	411
116	139
116	464
117	7
117	194
117	667
117	738
118	229
119	378
121	680
122	3
122	490
122	580
123	733
124	103
126	182
127	112
127	776
128	756
128	775
129	340
129	505
129	659
131	30
131	87
131	551
131	629
132	376
132	408
133	524
133	762
134	592
134	599
135	117
135	562
135	765
136	528
138	130
138	345
139	303
139	675
140	256
141	199
141	218
141	340
142	164
142	636
143	2
143	336
144	82
145	148
146	158
147	555
148	298
149	88
152	161
153	653
155	85
156	578
156	779
157	632
158	108
158	546
161	784
162	744
164	684
165	720
167	649
168	245
169	96
169	216
169	275
170	92
170	145
170	335
171	60
172	434
172	585
175	31
176	339
176	418
176	523
177	5
177	379
177	482
178	84
179	3
179	194
182	640
182	766
183	50
183	587
184	451
186	788
187	170
188	158
188	338
189	276
189	753
191	168
191	213
191	491
192	284
192	310
193	75
193	604
194	56
194	299
194	401
195	197
196	270
196	668
196	705
197	329
197	508
197	562
198	81
199	566
201	332
202	224
202	706
202	799
203	122
203	441
204	423
205	278
206	7
206	447
206	471
207	202
208	595
208	713
209	99
209	734
211	712
213	137
213	720
214	45
214	373
215	582
215	681
216	42
217	80
218	11
218	296
218	562
219	422
220	217
220	489
220	748
221	479
222	564
223	22
224	169
224	763
226	423
227	585
228	27
228	458
228	778
229	762
230	260
230	719
231	176
232	628
233	186
233	211
233	468
233	514
233	697
234	795
235	212
235	405
237	374
238	48
238	600
239	170
239	520
239	569
240	151
240	522
240	759
241	184
241	186
241	216
241	712
242	77
242	138
242	269
242	485
244	498
244	531
244	625
245	366
245	743
247	288
248	69
248	414
249	261
250	76
250	86
250	113
250	612
251	781
252	419
253	566
254	301
254	761
255	251
255	666
258	735
259	608
260	74
260	787
261	74
261	472
261	780
262	189
264	127
264	148
264	494
264	677
267	304
267	389
267	719
268	18
270	0
270	310
271	43
272	439
273	49
273	578
273	771
274	677
275	296
276	13
276	180
277	34
277	635
277	785
278	345
278	412
278	775
279	544
280	304
281	713
282	25
282	209
282	561
283	519
283	681
286	96
287	446
287	663
288	37
290	674
291	65
291	422
292	56
292	432
293	177
293	697
294	202
294	290
294	444
295	167
296	132
297	146
298	73
298	89
300	14
301	89
301	633
304	280
304	413
304	571
305	63
305	466
305	691
307	279
309	369
309	675
310	90
310	196
313	159
313	367
315	476
317	9
317	504
317	647
318	166
318	234
319	308
320	4
320	194
321	371
322	238
322	360
322	382
323	473
324	580
327	355
327	574
328	700
328	793
329	195
329	305
329	742
330	45
330	521
331	180
331	535
332	151
332	518
333	54
333	134
333	455
334	114
335	71
337	50
338	426
338	471
339	272
339	458
339	722
340	161
340	711
341	267
342	476
342	691
343	426
344	23
345	327
345	478
345	742
346	207
347	580
347	736
348	449
348	453
348	614
348	649
350	278
351	120
351	189
351	370
351	422
352	674
353	495
353	530
354	500
355	111
355	648
356	97
356	597
356	683
356	699
357	291
357	382
360	705
360	733
361	323
362	560
362	700
363	434
364	492
364	575
364	738
365	49
366	129
366	209
368	231
368	260
368	536
370	92
370	129
371	764
372	18
372	52
372	64
372	330
373	100
373	235
373	438
374	495
375	192
375	482
376	40
376	309
378	363
379	24
379	765
379	766
380	182
381	193
382	234
382	279
382	373
382	453
383	74
383	190
383	340
384	259
384	411
384	442
384	784
385	633
385	665
385	672
386	79
386	544
386	606
386	643
387	77
387	759
389	186
389	257
389	339
391	5
391	147
392	81
393	379
393	710
395	111
395	538
397	268
398	715
400	459
401	178
401	340
401	589
401	784
402	61
402	177
402	609
403	450
403	706
404	768
405	722
407	206
407	547
407	550
408	438
409	527
409	562
410	316
410	351
410	648
411	71
411	264
412	407
413	51
413	209
413	443
416	786
417	54
417	120
417	241
419	89
419	369
419	660
421	215
421	275
422	203
423	119
423	122
423	407
423	754
424	719
425	628
426	651
427	291
428	74
428	284
429	746
430	51
430	101
430	126
430	732
431	476
433	237
433	366
433	528
434	459
434	670
435	345
436	49
436	570
436	640
437	397
437	491
437	745
438	644
438	706
439	43
439	761
440	737
441	25
441	97
442	22
443	200
443	304
443	526
444	220
446	268
446	521
446	735
447	243
447	383
447	704
448	525
450	187
450	350
451	790
452	17
452	110
453	357
454	432
454	466
454	783
458	54
458	727
460	456
460	573
460	577
462	7
462	117
462	591
462	794
463	265
464	709
465	155
465	164
467	114
468	529
469	262
472	473
472	605
472	794
473	662
477	414
477	617
479	8
479	431
481	718
482	35
482	127
485	453
485	456
486	189
486	756
488	359
488	678
489	380
492	131
492	277
492	441
493	193
493	260
495	355
497	622
498	692
498	707
501	56
501	367
501	524
501	752
501	778
502	51
502	762
503	273
503	753
504	103
504	735
504	753
506	483
511	216
511	360
512	352
512	515
514	571
515	530
516	537
517	617
517	657
518	124
518	597
520	466
520	715
521	745
523	441
525	386
525	611
526	693
527	404
527	527
528	515
528	573
528	694
530	37
530	236
532	143
532	155
532	628
534	183
534	527
534	783
535	539
535	554
536	246
536	548
536	551
538	8
538	700
539	189
539	282
540	677
540	775
541	65
541	524
542	151
542	376
542	738
543	574
543	773
544	66
544	515
544	617
546	347
547	173
548	700
548	782
549	41
549	362
549	466
549	492
550	153
551	97
551	236
551	482
552	247
554	548
555	762
556	142
556	346
556	541
557	2
557	302
558	318
558	472
559	752
561	38
562	490
562	743
563	688
564	122
565	579
566	334
567	109
567	414
568	169
568	712
569	32
569	105
569	619
570	607
570	757
571	123
572	339
573	647
574	776
575	277
578	85
579	49
579	269
579	559
580	220
580	693
581	198
581	618
582	745
584	643
585	219
585	434
586	149
586	208
586	228
586	358
586	613
587	439
587	462
588	374
588	410
588	557
589	438
590	674
591	587
591	760
592	108
593	199
593	249
593	361
595	221
596	708
598	319
602	199
602	599
602	771
603	353
603	438
603	591
603	712
606	701
608	29
608	542
609	116
610	273
610	418
611	326
611	460
612	222
612	359
613	596
614	218
614	722
615	358
615	706
616	351
616	526
617	66
617	493
618	71
618	606
619	48
619	593
619	740
620	267
620	653
620	713
621	593
622	152
622	176
622	521
623	442
623	613
624	750
626	614
626	675
629	89
629	263
629	541
629	611
630	159
630	462
631	755
632	152
632	696
633	75
633	648
635	481
635	789
636	514
636	707
637	439
637	766
638	772
639	93
641	47
641	711
642	421
643	577
643	789
646	432
647	217
647	743
648	178
648	191
648	283
649	271
649	793
650	336
650	793
651	493
651	504
651	679
653	278
653	757
653	785
654	736
656	103
656	489
657	301
658	143
658	194
658	332
658	708
659	623
659	681
660	512
660	611
660	639
661	76
661	579
661	765
662	530
662	692
663	496
663	751
664	35
664	167
664	212
665	572
666	147
666	683
667	19
668	256
668	714
668	725
669	127
669	202
669	632
670	585
671	627
672	90
672	272
672	387
673	435
674	558
675	376
675	408
676	432
676	477
677	380
678	147
678	614
679	354
679	417
679	564
679	584
679	613
680	625
680	705
681	450
684	28
684	216
684	477
685	467
687	592
689	589
689	671
690	221
690	227
690	464
692	720
693	347
694	116
694	179
694	317
694	556
694	559
698	213
700	41
701	263
701	268
702	727
702	757
703	319
703	539
704	12
704	583
705	791
706	669
707	311
709	11
709	38
709	386
709	399
710	39
710	181
710	296
711	26
712	52
712	138
713	650
715	778
716	174
716	224
717	464
717	597
717	634
718	353
719	40
721	130
723	532
724	26
724	104
725	8
725	634
726	80
726	331
727	120
727	143
727	390
728	511
728	784
729	218
729	486
730	723
730	791
731	367
731	552
732	375
733	230
734	75
734	127
735	134
735	461
735	469
736	262
736	269
736	345
737	274
738	474
738	513
739	38
741	486
742	511
744	550
745	88
745	350
747	622
747	763
748	284
748	318
748	570
749	213
749	263
749	321
750	99
750	566
751	745
752	330
753	262
753	785
754	9
754	241
755	608
756	232
756	495
756	713
757	59
757	370
757	423
758	535
759	243
759	462
760	562
760	786
761	367
762	708
762	799
763	413
763	716
764	428
765	52
765	107
765	415
766	8
768	7
768	38
769	263
770	413
771	194
771	482
772	363
773	316
774	53
779	0
779	56
780	249
780	530
781	142
781	246
781	559
782	755
785	13
785	238
786	386
786	537
787	386
787	517
790	2
790	41
790	179
791	563
791	713
793	177
793	503
794	117
794	170
794	208
794	490
794	630
795	421
795	507
796	63
796	130
796	310
797	743
798	14
798	202
798	322
799	18
799	225
799	402
-----------
0	649
1	42
1	355
1	527
2	153
2	216
2	288
2	506
2	598
3	268
4	165
4	295
4	341
4	439
4	681
5	364
6	379
6	712
7	422
8	52
8	221
9	423
10	38
10	785
11	157
11	455
12	554
13	251
15	231
17	216
17	482
17	679
19	11
19	751
20	6
20	517
20	539
20	570
21	323
22	87
22	221
22	299
22	316
22	544
23	22
23	472
23	495
24	572
24	651
24	653
25	342
25	492
26	394
26	468
28	116
28	762
29	148
29	472
30	434
30	552
31	208
31	213
31	363
33	403
33	449
33	685
34	144
34	584
35	182
35	404
36	98
36	418
36	497
37	61
37	141
37	353
37	530
37	697
38	33
38	49
38	81
39	41
39	133
39	685
40	74
40	230
40	263
41	37
42	19
42	213
42	335
42	755
43	199
43	495
43	568
43	675
44	459
44	679
45	234
45	345
45	784
47	35
48	235
48	545
48	546
48	611
49	559
51	525
52	568
53	525
54	228
54	339
54	633
54	649
55	296
56	19
56	106
58	171
59	73
60	625
61	105
61	451
62	225
64	17
64	432
65	343
65	474
66	373
66	762
67	119
67	320
67	529
71	114
72	48
73	215
74	272
74	447
75	276
76	705
78	213
79	207
79	344
79	720
81	44
81	251
82	143
83	49
84	171
85	160
85	490
88	192
88	296
88	319
88	469
89	292
90	56
91	259
91	292
91	694
92	482
92	512
92	650
93	793
94	30
94	798
95	132
96	256
96	571
98	202
98	761
100	29
101	146
102	444
105	432
106	278
107	142
107	202
109	465
109	630
109	735
111	495
111	692
112	466
112	643
113	495
114	411
116	216
116	464
117	194
117	373
117	504
117	667
118	229
119	674
121	765
122	458
122	490
122	653
123	733
124	103
126	274
127	559
127	776
128	756
128	775
129	39
129	386
129	577
131	30
131	87
131	425
131	456
132	408
132	697
133	154
133	524
134	412
134	599
135	117
135	471
135	562
136	528
138	130
138	415
139	379
139	414
140	722
141	218
141	340
141	731
142	236
142	441
143	2
143	336
144	82
145	148
146	358
147	189
148	298
149	88
152	161
153	3
155	85
156	443
156	779
157	632
158	108
158	681
161	784
162	744
164	684
165	90
167	18
168	677
169	216
169	275
169	781
170	92
170	128
170	366
171	60
172	434
172	585
175	31
176	74
176	339
176	418
177	5
177	379
177	482
178	84
179	194
179	660
182	269
182	766
183	134
183	778
184	451
186	788
187	170
188	158
188	613
189	291
189	753
191	168
191	213
191	491
192	123
192	775
193	75
193	604
194	401
194	484
194	695
195	197
196	270
196	668
196	705
197	329
197	435
197	508
198	564
199	77
201	624
202	560
202	706
202	799
203	441
203	505
204	423
205	520
206	7
206	447
206	765
207	711
208	155
208	232
209	3
209	99
211	472
213	137
213	414
214	142
214	571
215	321
215	720
216	42
217	80
218	11
218	330
218	787
219	556
220	217
220	608
220	748
221	334
222	663
223	264
224	618
224	763
226	778
227	562
228	27
228	458
228	778
229	762
230	260
230	719
231	176
232	628
233	186
233	319
233	514
233	561
233	697
234	795
235	212
235	713
237	316
238	413
238	600
239	438
239	569
239	700
240	92
240	151
240	759
241	184
241	216
241	286
241	712
242	77
242	138
242	187
242	442
244	498
244	531
244	625
245	346
245	606
247	636
248	69
248	675
249	261
250	88
250	260
250	350
250	612
251	707
252	419
253	719
254	301
254	761
255	251
255	666
258	170
259	734
260	74
260	562
261	74
261	472
261	780
262	189
264	127
264	211
264	494
264	677
267	389
267	613
267	735
268	461
270	0
270	310
271	43
272	390
273	49
273	88
273	771
274	245
275	296
276	180
276	778
277	34
277	640
277	785
278	345
278	592
278	634
279	584
280	304
281	176
282	25
282	375
282	743
283	145
283	519
286	161
287	489
287	592
288	738
290	674
291	45
291	476
292	56
292	413
293	177
293	209
294	290
294	302
294	566
295	167
296	132
297	146
298	89
298	637
300	122
301	178
301	597
304	280
304	413
304	605
305	63
305	466
305	691
307	279
309	369
309	675
310	90
310	196
313	8
313	378
315	562
317	504
317	613
317	647
318	166
318	234
319	308
320	4
320	194
321	371
322	360
322	382
322	557
323	473
324	580
327	574
327	671
328	122
328	238
329	195
329	246
329	408
330	243
330	299
331	180
331	189
332	14
332	151
333	54
333	358
333	455
334	114
335	71
337	738
338	71
338	426
339	130
339	272
339	722
340	96
340	404
341	267
342	476
342	691
343	426
344	23
345	327
345	524
345	742
346	587
347	580
347	736
348	449
348	453
348	614
348	649
350	278
351	370
351	422
351	459
351	720
352	56
353	495
353	530
354	153
355	111
355	648
356	97
356	336
356	550
356	699
357	291
357	382
360	705
360	733
361	323
362	224
362	700
363	434
364	50
364	186
364	492
365	49
366	129
366	376
368	96
368	536
368	578
370	129
370	522
371	764
372	18
372	52
372	64
372	330
373	100
373	370
373	489
374	400
375	482
375	492
376	40
376	309
378	4
379	367
379	743
379	765
380	791
381	714
382	209
382	453
382	582
382	643
383	74
383	340
383	611
384	259
384	411
384	619
384	784
385	236
385	493
385	665
386	79
386	544
386	606
386	662
387	214
387	759
389	186
389	257
389	339
391	5
391	147
392	81
393	271
393	710
395	111
395	580
397	364
398	523
400	459
401	178
401	340
401	760
401	762
402	61
402	177
402	609
403	450
403	706
404	768
405	707
407	547
407	550
407	630
408	438
409	527
409	562
410	351
410	374
410	648
411	71
411	264
412	407
413	51
413	99
413	443
416	139
417	120
417	241
417	466
419	13
419	310
419	734
421	275
421	659
422	203
423	122
423	407
423	711
423	754
424	727
425	617
426	423
427	432
428	284
428	715
429	746
430	51
430	101
430	126
430	732
431	476
433	267
433	356
433	528
434	551
434	670
435	345
436	54
436	111
436	782
437	277
437	460
437	491
438	485
438	644
439	43
439	761
440	674
441	22
441	25
442	97
443	200
443	304
443	526
444	220
446	268
446	521
446	735
447	243
447	383
447	704
448	23
450	350
450	706
451	790
452	9
452	700
453	357
454	432
454	589
454	635
458	54
458	727
460	564
460	573
460	577
462	7
462	591
462	720
462	794
463	265
464	709
465	164
465	405
467	114
468	529
469	262
472	473
472	605
472	794
473	147
477	89
477	414
479	8
479	431
481	692
482	127
482	678
485	453
485	535
486	353
486	482
488	359
488	713
489	380
492	131
492	277
492	441
493	193
493	260
495	355
497	622
498	76
498	707
501	47
501	50
501	56
501	524
501	752
502	51
502	762
503	273
503	352
504	103
504	735
504	753
506	483
511	26
511	477
512	515
512	753
514	571
515	530
516	537
517	249
517	617
518	124
518	507
520	640
520	715
521	745
523	288
525	386
525	713
526	338
527	89
527	404
528	76
528	179
528	694
530	37
530	164
532	155
532	628
532	629
534	183
534	561
534	783
535	65
535	193
536	246
536	548
536	681
538	110
538	766
539	189
539	282
540	677
540	775
541	65
541	135
542	376
542	466
542	738
543	574
543	773
544	515
544	617
544	785
546	347
547	143
548	278
548	464
549	41
549	362
549	466
549	492
550	500
551	97
551	236
551	555
552	247
554	548
555	784
556	366
556	413
556	541
557	2
557	351
558	712
558	742
559	38
561	617
562	151
562	398
563	688
564	14
565	579
566	633
567	109
567	479
568	169
568	712
569	105
569	345
569	708
570	89
570	757
571	45
572	422
573	647
574	593
575	199
578	85
579	269
579	559
579	575
580	220
580	693
581	169
581	198
582	745
584	142
585	219
585	434
586	9
586	13
586	134
586	149
586	208
587	439
587	462
588	238
588	374
588	410
589	681
590	159
591	587
591	743
592	583
593	28
593	361
593	657
595	563
596	783
598	782
602	199
602	599
602	771
603	18
603	48
603	712
603	766
606	701
608	339
608	542
609	116
610	511
610	694
611	326
611	745
612	222
612	359
613	182
614	218
614	722
615	358
615	706
616	202
616	526
617	518
617	614
618	142
618	471
619	138
619	593
619	737
620	267
620	611
620	713
621	143
622	152
622	202
622	791
623	693
623	793
624	750
626	66
626	601
629	152
629	288
629	527
629	541
630	462
630	563
631	683
632	190
632	696
633	75
633	648
635	481
635	789
636	256
636	514
637	353
637	439
638	772
639	93
641	7
641	711
642	421
643	577
643	789
646	549
647	217
647	527
648	283
648	633
648	700
649	442
649	453
650	683
650	793
651	59
651	668
651	708
653	137
653	687
653	757
654	736
656	103
656	438
657	450
658	173
658	194
658	332
658	367
659	228
659	623
660	512
660	611
660	639
661	573
661	579
661	680
662	438
662	718
663	496
663	751
664	35
664	167
664	212
665	572
666	147
666	755
667	154
668	193
668	256
668	725
669	127
669	202
669	632
670	585
671	627
672	332
672	362
672	387
673	793
674	558
675	120
675	376
676	360
676	432
677	380
678	147
678	614
679	312
679	354
679	417
679	566
679	584
680	597
680	705
681	301
684	263
684	397
684	786
685	467
687	279
689	589
689	710
690	221
690	227
690	464
692	305
693	347
694	116
694	179
694	224
694	317
694	556
698	43
700	478
701	268
701	477
702	719
702	757
703	319
703	539
704	12
704	108
705	35
706	669
707	311
709	38
709	366
709	386
709	399
710	181
710	296
710	340
711	122
712	52
712	740
713	52
715	423
716	174
716	224
717	284
717	570
717	597
718	75
719	40
721	130
723	532
724	26
724	104
725	8
725	634
726	80
726	331
727	113
727	120
727	776
728	158
728	607
729	218
729	515
730	596
730	723
731	367
731	552
732	456
733	230
734	127
734	756
735	469
735	486
735	688
736	32
736	262
736	269
737	303
738	474
738	513
739	752
741	486
742	511
744	628
745	86
745	191
747	622
747	763
748	284
748	530
748	570
749	263
749	551
749	578
750	209
750	273
751	745
752	134
753	66
753	262
754	9
754	241
755	608
756	237
756	595
756	653
757	304
757	423
757	672
758	535
759	462
759	521
760	585
760	786
761	367
762	708
762	799
763	17
763	716
764	428
765	52
765	107
765	415
766	8
768	38
768	318
769	263
770	24
771	194
771	446
772	363
773	316
774	53
779	0
779	674
780	249
780	318
781	7
781	53
781	112
782	755
785	369
785	566
786	215
786	537
787	386
787	517
790	2
790	41
790	117
791	159
791	713
793	177
793	503
794	170
794	206
794	208
794	490
794	743
795	271
795	421
796	63
796	310
796	538
797	117
798	322
798	493
798	521
799	225
799	402
799	591
-----------
0	649
1	42
1	355
1	527
2	153
2	246
2	267
2	288
2	477
3	608
4	165
4	295
4	439
4	491
4	611
5	364
6	40
6	524
7	766
8	52
8	697
9	423
10	137
10	617
11	157
11	455
12	722
13	251
15	231
17	267
17	373
17	679
19	11
19	751
20	193
20	249
20	570
20	618
21	251
22	87
22	221
22	299
22	376
22	544
23	22
23	466
23	472
24	134
24	279
24	423
25	471
25	492
26	144
26	468
28	116
28	304
29	148
29	472
30	552
30	753
31	213
31	432
31	793
33	19
33	515
33	685
34	394
34	585
35	274
35	404
36	98
36	497
36	725
37	61
37	141
37	353
37	431
37	697
38	33
38	81
38	286
39	41
39	179
39	584
40	74
40	230
40	263
41	353
42	213
42	335
42	687
42	755
43	199
43	568
43	601
43	738
44	308
44	668
45	142
45	358
45	731
47	4
48	545
48	611
48	681
48	735
49	559
51	525
52	568
53	186
54	147
54	228
54	339
54	649
55	362
56	106
56	154
58	171
59	637
60	734
61	105
61	451
62	225
64	236
64	710
65	343
65	474
66	330
66	778
67	119
67	316
67	529
71	114
72	48
73	215
74	272
74	447
75	743
76	705
78	443
79	207
79	344
79	476
81	44
81	251
82	262
83	111
84	171
85	23
85	379
88	192
88	296
88	469
88	707
89	292
90	330
91	259
91	292
91	694
92	134
92	482
92	577
93	35
94	644
94	798
95	85
96	571
96	599
98	202
98	511
100	435
101	146
102	45
105	432
106	278
107	202
107	783
109	465
109	630
109	735
111	495
111	692
112	271
112	662
113	495
114	411
116	139
116	464
117	7
117	194
117	426
117	667
118	229
119	378
121	765
122	490
122	580
122	653
123	733
124	103
126	182
127	112
127	776
128	282
128	756
129	39
129	386
129	512
131	2
131	408
131	456
131	764
132	18
132	87
133	524
133	762
134	412
134	599
135	117
135	471
135	562
136	562
138	130
138	606
139	288
139	648
140	707
141	218
141	345
141	579
142	164
142	636
143	2
143	492
144	82
145	177
146	158
147	189
148	298
149	88
152	161
153	3
155	132
156	578
156	779
157	632
158	108
158	546
161	784
162	744
164	684
165	720
167	334
168	677
169	96
169	100
169	216
170	92
170	128
170	145
171	60
172	517
172	585
175	31
176	418
176	461
176	579
177	7
177	379
177	482
178	757
179	3
179	194
182	422
182	640
183	414
183	587
184	451
186	788
187	170
188	158
188	613
189	276
189	753
191	133
191	168
191	549
192	177
192	310
193	75
193	604
194	56
194	336
194	401
195	197
196	7
196	270
196	668
197	29
197	329
197	611
198	564
199	566
201	706
202	224
202	706
202	799
203	441
203	505
204	423
205	520
206	5
206	92
206	765
207	404
208	405
208	595
209	99
209	507
211	472
213	111
213	137
214	45
214	528
215	321
215	720
216	42
217	80
218	176
218	296
218	562
219	556
220	217
220	489
220	748
221	414
222	663
223	264
224	169
224	763
226	14
227	296
228	316
228	340
228	458
229	762
230	260
230	719
231	176
232	628
233	319
233	514
233	539
233	561
233	755
234	795
235	212
235	713
237	374
238	262
238	600
239	170
239	278
239	569
240	439
240	447
240	759
241	49
241	184
241	216
241	712
242	77
242	138
242	187
242	442
244	124
244	498
244	625
245	341
245	743
247	288
248	69
248	675
249	261
250	76
250	86
250	113
250	612
251	781
252	419
253	566
254	491
254	761
255	323
255	666
258	438
259	734
260	74
260	787
261	74
261	472
261	780
262	189
264	167
264	494
264	515
264	677
267	38
267	304
267	719
268	18
270	0
270	310
271	43
272	88
273	49
273	88
273	771
274	245
275	528
276	13
276	180
277	34
277	260
277	785
278	345
278	592
278	634
279	584
280	154
281	327
282	25
282	79
282	375
283	519
283	681
286	17
287	331
287	592
288	373
290	674
291	476
291	605
292	259
292	578
293	177
293	221
294	290
294	302
294	444
295	167
296	132
297	146
298	89
298	208
300	778
301	178
301	597
304	413
304	571
304	627
305	63
305	495
305	691
307	279
309	369
309	675
310	196
310	624
313	674
313	766
315	562
317	504
317	613
317	647
318	166
318	234
319	459
320	4
320	194
321	27
322	382
322	554
322	591
323	473
324	580
327	574
327	710
328	238
328	700
329	195
329	305
329	742
330	299
330	521
331	180
331	551
332	50
332	151
333	54
333	358
333	455
334	114
335	71
337	518
338	71
338	426
339	99
339	515
339	538
340	161
340	711
341	267
342	90
342	691
343	738
344	23
345	41
345	524
345	742
346	492
347	580
347	736
348	441
348	449
348	453
348	614
350	278
351	189
351	370
351	408
351	422
352	56
353	530
353	606
354	116
355	111
355	745
356	9
356	97
356	336
356	563
357	291
357	382
360	399
360	733
361	323
362	559
362	700
363	434
364	492
364	575
364	598
365	49
366	129
366	209
368	260
368	319
368	536
370	522
370	614
371	256
372	18
372	52
372	64
372	762
373	275
373	370
373	438
374	400
375	52
375	482
376	309
376	453
378	363
379	24
379	367
379	765
380	596
381	768
382	453
382	564
382	582
382	643
383	74
383	340
383	508
384	56
384	411
384	619
384	784
385	421
385	584
385	672
386	415
386	643
386	648
386	743
387	214
387	759
389	186
389	339
389	526
391	5
391	147
392	81
393	96
393	379
395	458
395	674
397	481
398	74
400	459
401	178
401	340
401	589
401	762
402	61
402	148
402	609
403	340
403	486
404	193
405	648
407	206
407	547
407	550
408	438
409	514
409	562
410	320
410	351
410	544
411	71
411	264
412	495
413	51
413	360
413	443
416	269
417	120
417	241
417	466
419	123
419	369
419	660
421	216
421	659
422	203
423	122
423	407
423	711
423	754
424	17
425	628
426	651
427	208
428	284
428	794
429	746
430	51
430	101
430	126
430	732
431	476
433	142
433	366
433	407
434	459
434	670
435	345
436	49
436	54
436	464
437	53
437	217
437	469
438	30
438	485
439	43
439	761
440	720
441	25
441	97
442	22
443	200
443	257
443	304
444	220
446	268
446	521
446	681
447	199
447	243
447	383
448	216
450	350
450	706
451	790
452	110
452	413
453	357
454	142
454	432
454	760
458	54
458	727
460	209
460	573
460	577
462	362
462	450
462	591
462	715
463	265
464	709
465	155
465	164
467	706
468	529
469	425
472	473
472	605
472	794
473	147
477	414
477	617
479	8
479	438
481	718
482	127
482	791
485	453
485	535
486	482
486	756
488	558
488	713
489	380
492	131
492	277
492	441
493	193
493	775
495	355
497	622
498	413
498	707
501	50
501	56
501	504
501	523
501	752
502	51
502	762
503	209
503	542
504	103
504	310
504	753
506	778
511	26
511	360
512	434
512	449
514	571
515	530
516	537
517	617
517	657
518	531
518	625
520	640
520	715
521	778
523	649
525	386
525	713
526	693
527	404
527	527
528	179
528	189
528	573
530	37
530	236
532	143
532	155
532	628
534	183
534	561
534	783
535	65
535	535
536	356
536	548
536	735
538	8
538	342
539	694
539	775
540	284
540	775
541	65
541	135
542	151
542	376
542	738
543	574
543	773
544	66
544	211
544	617
546	347
547	143
548	700
548	782
549	41
549	466
549	484
549	705
550	153
551	97
551	236
551	555
552	247
554	548
555	784
556	366
556	413
556	541
557	2
557	745
558	318
558	712
559	752
561	237
562	398
562	466
563	688
564	122
565	712
566	633
567	109
567	479
568	169
568	712
569	105
569	269
569	345
570	84
570	89
571	607
572	339
573	647
574	776
575	277
578	85
579	186
579	559
579	786
580	220
580	693
581	198
581	434
582	745
584	234
585	219
585	434
586	9
586	30
586	228
586	500
586	653
587	439
587	462
588	374
588	410
588	557
589	366
590	159
591	291
591	587
592	583
593	6
593	28
593	361
595	699
596	708
598	782
602	199
602	629
602	771
603	48
603	238
603	712
603	766
606	701
608	273
608	422
609	149
610	418
610	761
611	326
611	460
612	222
612	737
613	182
614	218
614	722
615	114
615	358
616	202
616	526
617	66
617	493
618	142
618	700
619	138
619	359
619	593
620	482
620	653
620	713
621	73
622	89
622	152
622	678
623	338
623	442
624	750
626	129
626	675
629	190
629	352
629	490
629	541
630	159
630	462
631	683
632	696
632	785
633	75
633	722
635	107
635	268
636	256
636	527
637	151
637	403
638	772
639	93
641	47
641	711
642	421
643	577
643	789
646	432
647	224
647	527
648	191
648	230
648	283
649	271
649	351
650	683
650	793
651	493
651	679
651	708
653	37
653	563
653	757
654	736
656	103
656	489
657	301
658	173
658	194
658	332
658	367
659	623
659	681
660	483
660	512
660	639
661	76
661	90
661	680
662	530
662	692
663	496
663	751
664	35
664	127
664	212
665	572
666	104
666	160
667	19
668	256
668	694
668	714
669	127
669	202
669	632
670	585
671	280
672	284
672	332
672	387
673	793
674	363
675	120
675	376
676	432
676	477
677	380
678	147
678	614
679	312
679	354
679	417
679	613
679	685
680	597
680	705
681	450
684	275
684	397
684	506
685	467
687	572
689	589
689	671
690	221
690	227
690	464
692	720
693	347
694	116
694	213
694	317
694	556
694	793
698	43
700	478
701	263
701	268
702	272
702	727
703	319
703	539
704	12
704	108
705	35
706	669
707	311
709	38
709	246
709	386
709	705
710	181
710	202
710	371
711	122
712	52
712	743
713	650
715	423
716	174
716	224
717	570
717	597
717	635
718	75
719	40
721	130
723	532
724	26
724	697
725	8
725	634
726	80
726	364
727	120
727	390
727	593
728	566
728	784
729	117
729	218
730	723
730	791
731	367
731	552
732	456
733	633
734	127
734	353
735	301
735	339
735	688
736	152
736	269
736	550
737	303
738	367
738	474
739	38
741	486
742	511
744	89
745	122
745	350
747	622
747	763
748	318
748	570
748	677
749	213
749	263
749	551
750	296
750	719
751	704
752	134
753	32
753	262
754	9
754	241
755	608
756	38
756	232
756	611
757	59
757	235
757	423
758	525
759	243
759	462
760	495
760	786
761	513
762	708
762	799
763	273
763	716
764	428
765	52
765	415
765	789
766	8
768	7
768	389
769	263
770	346
771	194
771	446
772	359
773	316
774	745
779	0
779	674
780	249
780	530
781	53
781	560
781	633
782	755
785	13
785	77
786	215
786	537
787	386
787	517
790	11
790	208
790	757
791	713
791	785
793	503
793	695
794	143
794	170
794	490
794	630
794	740
795	466
795	665
796	63
796	130
796	735
797	117
798	14
798	322
798	521
799	216
799	225
799	402
-----------
0	127
1	42
1	355
1	527
2	153
2	216
2	267
2	506
2	677
3	364
4	165
4	295
4	439
4	778
4	793
5	364
6	453
6	712
7	89
8	52
8	221
9	423
10	137
10	617
11	157
11	455
12	554
13	536
15	462
17	373
17	482
17	692
19	11
19	557
20	6
20	517
20	570
20	793
21	323
22	42
22	87
22	216
22	299
22	544
23	22
23	472
23	495
24	2
24	423
24	653
25	342
25	492
26	394
26	468
28	154
28	247
29	148
29	472
30	63
30	269
31	432
31	524
31	793
33	449
33	685
33	687
34	144
34	584
35	274
35	404
36	434
36	694
36	778
37	61
37	141
37	353
37	438
37	697
38	33
38	81
38	286
39	41
39	133
39	685
40	74
40	230
40	319
41	403
42	19
42	213
42	335
42	755
43	199
43	555
43	568
43	598
44	382
44	668
45	142
45	358
45	731
47	279
48	537
48	545
48	611
48	735
49	90
51	745
52	568
53	605
54	23
54	228
54	459
54	649
55	614
56	106
56	154
58	556
59	637
60	50
61	105
61	451
62	225
64	17
64	236
65	343
65	474
66	316
66	762
67	119
67	177
67	795
71	114
72	48
73	243
74	447
74	624
75	291
76	705
78	762
79	85
79	90
79	142
81	251
81	278
82	425
83	111
84	135
85	160
85	379
88	192
88	310
88	434
88	707
89	292
90	5
91	259
91	292
91	334
92	52
92	482
92	577
93	164
94	30
94	798
95	271
96	256
96	571
98	202
98	761
100	435
101	146
102	45
105	432
106	44
107	262
107	458
109	338
109	465
109	630
111	495
111	679
112	220
112	271
113	495
114	411
116	464
116	743
117	7
117	194
117	667
117	738
118	562
119	378
121	765
122	490
122	580
122	628
123	597
124	103
126	182
127	544
127	776
128	186
128	700
129	39
129	386
129	512
131	30
131	87
131	456
131	629
132	376
132	408
133	213
133	762
134	412
134	599
135	117
135	471
135	562
136	528
138	130
138	415
139	288
139	414
140	707
141	218
141	340
141	345
142	164
142	636
143	2
143	336
144	82
145	619
146	158
147	189
148	398
149	88
152	161
153	101
155	344
156	578
156	779
157	632
158	108
158	546
161	784
162	744
164	684
165	720
167	482
168	677
169	127
169	216
169	275
170	92
170	128
170	145
171	60
172	434
172	585
175	31
176	415
176	418
176	523
177	5
177	379
177	482
178	84
179	3
179	194
182	640
182	766
183	265
183	497
184	451
186	788
187	170
188	158
188	407
189	276
189	753
191	168
191	213
191	562
192	310
192	650
193	75
193	578
194	56
194	404
194	711
195	197
196	270
196	668
196	705
197	260
197	329
197	508
198	564
199	566
201	272
202	224
202	706
202	799
203	441
203	477
204	683
205	359
206	7
206	755
206	765
207	379
208	405
208	595
209	99
209	734
211	472
213	137
213	720
214	45
214	640
215	720
215	752
216	221
217	80
218	11
218	229
218	296
219	171
220	489
220	566
220	748
221	504
222	663
223	264
224	169
224	763
226	778
227	491
228	27
228	345
228	458
229	443
230	92
230	719
231	176
232	608
233	186
233	319
233	611
233	634
233	697
234	529
235	212
235	713
237	374
238	9
238	600
239	116
239	203
239	278
240	29
240	51
240	679
241	49
241	184
241	216
241	712
242	77
242	138
242	187
242	442
244	498
244	531
244	625
245	606
245	743
247	288
248	69
248	675
249	261
250	76
250	86
250	113
250	612
251	781
252	476
253	530
254	301
254	761
255	251
255	666
258	438
259	734
260	74
260	787
261	74
261	472
261	780
262	189
264	34
264	127
264	494
264	677
267	304
267	389
267	719
268	18
270	0
270	310
271	563
272	199
273	49
273	88
273	771
274	245
275	296
276	13
276	180
277	2
277	635
277	785
278	561
278	570
278	592
279	584
280	304
281	176
282	25
282	375
282	743
283	519
283	681
286	96
287	592
287	608
288	373
290	674
291	426
291	525
292	56
292	604
293	177
293	697
294	290
294	302
294	444
295	167
296	132
297	146
298	73
298	89
300	14
301	178
301	367
304	280
304	413
304	571
305	466
305	552
305	691
307	279
309	321
309	675
310	196
310	273
313	674
313	766
315	562
317	526
317	613
317	647
318	166
318	234
319	308
320	4
320	268
321	371
322	238
322	360
322	459
323	473
324	580
327	574
327	710
328	238
328	700
329	195
329	305
329	742
330	299
330	521
331	339
331	671
332	151
332	518
333	417
333	455
333	756
334	114
335	71
337	507
338	71
338	476
339	155
339	272
339	538
340	492
340	711
341	267
342	476
342	691
343	426
344	23
345	178
345	327
345	524
346	492
347	580
347	736
348	449
348	453
348	558
348	649
350	733
351	38
351	189
351	370
351	422
352	56
353	495
353	530
354	500
355	111
355	648
356	97
356	336
356	550
356	699
357	291
357	382
360	705
360	733
361	505
362	560
362	700
363	98
364	423
364	469
364	575
365	460
366	129
366	209
368	206
368	260
368	263
370	129
370	522
371	362
372	18
372	52
372	64
372	330
373	132
373	370
373	438
374	400
375	134
375	694
376	40
376	309
378	736
379	24
379	278
379	765
380	596
381	193
382	453
382	564
382	566
382	582
383	74
383	340
383	439
384	108
384	148
384	259
384	784
385	549
385	672
385	791
386	112
386	352
386	606
386	643
387	214
387	473
389	186
389	257
389	339
391	147
391	695
392	81
393	484
393	778
395	179
395	202
397	268
398	74
400	339
401	340
401	589
401	742
401	762
402	177
402	609
402	725
403	450
403	706
404	768
405	722
407	7
407	142
407	572
408	438
409	527
409	735
410	316
410	351
410	648
411	71
411	264
412	269
413	51
413	99
413	443
416	786
417	120
417	130
417	466
419	123
419	369
419	660
421	275
421	659
422	170
423	122
423	401
423	407
423	754
424	719
425	628
426	651
427	208
428	284
428	715
429	746
430	3
430	126
430	732
430	759
431	419
433	366
433	495
433	528
434	51
434	670
435	345
436	49
436	54
436	464
437	88
437	491
437	745
438	485
438	644
439	43
439	761
440	674
441	25
441	97
442	22
443	200
443	304
443	526
444	662
446	268
446	521
446	735
447	215
447	383
447	775
448	633
450	579
450	706
451	790
452	110
452	413
453	357
454	432
454	760
454	783
458	54
458	727
460	209
460	573
460	704
462	7
462	486
462	591
462	794
463	587
464	709
465	155
465	562
467	114
468	529
469	262
472	605
472	759
472	794
473	147
477	414
477	617
479	8
479	431
481	718
482	127
482	791
485	453
485	535
486	54
486	482
488	520
488	713
489	380
492	131
492	277
492	441
493	193
493	260
495	355
497	622
498	413
498	707
501	50
501	56
501	504
501	524
501	752
502	459
502	762
503	79
503	273
504	53
504	103
504	753
506	782
511	26
511	360
512	515
512	753
514	571
515	496
516	681
517	617
517	657
518	124
518	625
520	207
520	269
521	745
523	441
525	386
525	713
526	421
527	404
527	527
528	179
528	573
528	694
530	37
530	236
532	143
532	630
532	653
534	183
534	561
534	783
535	65
535	539
536	246
536	311
536	705
538	8
538	577
539	189
539	282
540	41
540	775
541	65
541	446
542	376
542	611
542	738
543	466
543	773
544	66
544	515
544	617
546	347
547	143
548	700
548	782
549	574
549	649
549	715
549	764
550	153
551	97
551	236
551	353
552	569
554	548
555	784
556	366
556	413
556	541
557	211
557	351
558	318
558	712
559	369
561	38
562	298
562	466
563	688
564	122
565	579
566	633
567	109
567	479
568	180
568	712
569	105
569	161
569	345
570	89
570	757
571	607
572	215
573	647
574	776
575	277
578	85
579	296
579	559
579	756
580	220
580	693
581	9
581	618
582	525
584	234
585	219
585	434
586	134
586	149
586	198
586	208
586	228
587	462
587	611
588	374
588	410
588	751
589	366
590	159
591	587
591	743
592	583
593	28
593	249
593	361
595	43
596	708
598	483
602	199
602	599
602	771
603	48
603	143
603	591
603	712
606	701
608	422
608	542
609	116
610	243
610	418
611	49
611	326
612	359
612	601
613	182
614	551
614	722
615	358
615	681
616	202
616	414
617	66
617	493
618	471
618	547
619	138
619	593
619	737
620	89
620	467
620	653
621	766
622	152
622	202
622	678
623	442
623	735
624	750
626	614
626	675
629	190
629	267
629	490
629	541
630	80
630	231
631	517
632	152
632	696
633	75
633	648
635	539
635	789
636	256
636	350
637	222
637	439
638	772
639	93
641	47
641	711
642	421
643	577
643	789
646	432
647	217
647	527
648	191
648	283
648	633
649	75
649	793
650	193
650	683
651	151
651	493
651	708
653	37
653	757
653	785
654	363
656	103
656	489
657	593
658	173
658	194
658	367
658	552
659	623
659	681
660	151
660	512
660	639
661	76
661	514
661	680
662	235
662	692
663	530
663	751
664	35
664	167
664	212
665	572
666	147
666	755
667	19
668	61
668	256
668	714
669	96
669	202
669	632
670	585
671	627
672	332
672	362
672	387
673	341
674	614
675	120
675	376
676	323
676	432
677	380
678	147
678	330
679	354
679	358
679	474
679	584
679	613
680	597
680	706
681	450
684	216
684	397
684	477
685	713
687	4
689	169
689	589
690	227
690	367
690	464
692	720
693	347
694	111
694	116
694	224
694	241
694	317
698	43
700	478
701	263
701	481
702	727
702	757
703	319
703	511
704	284
704	411
705	35
706	669
707	548
709	38
709	356
709	386
709	399
710	181
710	296
710	340
711	122
712	52
712	740
713	12
715	492
716	174
716	224
717	597
717	710
717	775
718	100
719	40
721	130
723	532
724	26
724	104
725	8
725	634
726	159
726	331
727	120
727	301
727	390
728	217
728	784
729	117
729	218
730	665
730	723
731	194
731	332
732	456
733	230
734	288
734	353
735	461
735	469
735	688
736	117
736	142
736	613
737	303
738	312
738	320
739	408
741	486
742	367
744	422
745	122
745	350
747	622
747	763
748	284
748	318
748	570
749	213
749	263
749	551
750	209
750	559
751	745
752	134
753	262
753	785
754	9
754	556
755	628
756	232
756	237
756	514
757	59
757	423
757	643
758	535
759	462
759	511
760	585
760	786
761	221
762	708
762	799
763	17
763	716
764	428
765	52
765	107
765	339
766	8
768	38
768	251
769	263
770	346
771	171
771	194
772	363
773	316
774	53
779	0
779	674
780	249
780	530
781	35
781	246
781	559
782	447
785	13
785	77
786	218
786	537
787	386
787	423
790	41
790	515
790	550
791	563
791	713
793	503
793	513
794	139
794	170
794	208
794	490
794	722
795	466
795	693
796	63
796	241
796	738
797	32
798	14
798	322
798	521
799	18
799	225
799	402
-----------
0	649
1	42
1	355
1	584
2	153
2	216
2	267
2	506
2	559
3	364
4	165
4	295
4	341
4	439
4	780
5	364
6	453
6	695
7	504
8	221
8	585
9	423
10	137
10	535
11	455
11	508
12	554
13	251
15	713
17	373
17	482
17	679
19	11
19	751
20	6
20	273
20	517
20	765
21	323
22	87
22	216
22	221
22	299
22	544
23	472
23	495
23	640
24	206
24	653
24	738
25	269
25	340
26	394
26	468
28	116
28	154
29	148
29	472
30	434
30	552
31	213
31	432
31	793
33	444
33	630
33	794
34	144
34	584
35	274
35	404
36	9
36	98
36	497
37	61
37	63
37	96
37	141
37	353
38	33
38	81
38	286
39	133
39	217
39	685
40	49
40	74
40	786
41	224
42	14
42	19
42	213
42	745
43	422
43	568
43	598
43	791
44	13
44	459
45	342
45	358
45	580
47	4
48	330
48	611
48	681
48	735
49	288
51	525
52	736
53	591
54	23
54	228
54	339
54	357
55	330
56	106
56	423
58	171
59	637
60	52
61	105
61	262
62	225
64	17
64	236
65	343
65	474
66	269
66	316
67	11
67	177
67	529
71	114
72	220
73	608
74	272
74	447
75	291
76	358
78	443
79	90
79	180
79	344
81	44
81	251
82	425
83	111
84	171
85	160
85	379
88	41
88	192
88	296
88	707
89	434
90	712
91	259
91	292
91	694
92	52
92	482
92	611
93	35
94	30
94	798
95	132
96	256
96	571
98	202
98	761
100	435
101	146
102	45
105	432
106	278
107	142
107	202
109	465
109	630
109	735
111	119
111	423
112	271
112	662
113	495
114	18
116	41
116	464
117	7
117	194
117	667
117	738
118	229
119	378
121	765
122	580
122	653
122	733
123	675
124	161
126	182
127	579
127	776
128	756
128	775
129	386
129	491
129	512
131	30
131	87
131	456
131	629
132	408
132	762
133	524
133	762
134	412
134	599
135	117
135	471
135	562
136	528
138	415
138	578
139	288
139	414
140	707
141	218
141	340
141	345
142	164
142	636
143	2
143	336
144	82
145	148
146	158
147	103
148	298
149	451
152	161
153	3
155	85
156	578
156	779
157	632
158	108
158	546
161	784
162	744
164	536
165	720
167	334
168	677
169	96
169	216
169	275
170	92
170	128
170	541
171	60
172	292
172	585
175	31
176	339
176	418
176	523
177	5
177	222
177	482
178	84
179	189
179	194
182	640
182	766
183	587
183	778
184	451
186	788
187	170
188	158
188	613
189	276
189	753
191	168
191	213
191	785
192	284
192	459
193	65
193	75
194	197
194	401
194	484
195	56
196	270
196	668
196	705
197	29
197	157
197	329
198	564
199	566
201	733
202	617
202	706
202	799
203	441
203	505
204	154
205	520
206	7
206	447
206	765
207	404
208	52
208	405
209	99
209	734
211	472
213	137
213	720
214	45
214	142
215	321
215	720
216	42
217	80
218	74
218	277
218	562
219	556
220	3
220	492
220	748
221	647
222	663
223	264
224	117
224	494
226	778
227	562
228	186
228	458
228	778
229	762
230	260
230	719
231	756
232	628
233	186
233	561
233	648
233	697
233	784
234	793
235	212
235	231
237	374
238	464
238	600
239	278
239	521
239	569
240	92
240	151
240	759
241	49
241	216
241	704
241	712
242	54
242	138
242	187
242	442
244	498
244	531
244	625
245	589
245	743
247	288
248	69
248	675
249	261
250	86
250	113
250	376
250	612
251	781
252	713
253	566
254	301
254	761
255	251
255	666
258	438
259	734
260	551
260	787
261	472
261	541
261	778
262	189
264	169
264	211
264	571
264	677
267	243
267	389
267	719
268	18
270	0
270	310
271	43
272	88
273	49
273	88
273	771
274	245
275	176
276	13
276	180
277	34
277	345
277	635
278	592
278	634
278	785
279	208
280	304
281	722
282	25
282	375
282	743
283	519
283	681
286	697
287	592
287	608
288	373
290	674
291	476
291	605
292	7
292	130
293	177
293	462
294	290
294	302
294	685
295	167
296	132
297	146
298	89
298	671
300	335
301	262
301	597
304	280
304	413
304	571
305	63
305	466
305	691
307	279
309	369
309	490
310	90
310	196
313	674
313	766
315	562
317	613
317	628
317	647
318	234
318	493
319	308
320	4
320	194
321	371
322	238
322	360
322	382
323	473
324	580
327	574
327	613
328	238
328	700
329	195
329	212
329	791
330	170
330	757
331	207
331	551
332	215
332	518
333	54
333	455
333	705
334	114
335	71
337	50
338	71
338	426
339	263
339	296
339	538
340	614
340	711
341	453
342	323
342	476
343	426
344	23
345	327
345	524
345	742
346	492
347	397
347	731
348	103
348	143
348	267
348	449
350	278
351	370
351	422
351	573
351	752
352	56
353	38
353	495
354	500
355	111
355	648
356	97
356	336
356	550
356	699
357	291
357	382
360	208
360	705
361	691
362	560
362	700
363	434
364	489
364	575
364	738
365	49
366	129
366	209
368	260
368	319
368	684
370	129
370	697
371	764
372	18
372	52
372	64
372	545
373	28
373	370
373	438
374	400
375	134
375	363
376	40
376	309
378	363
379	24
379	367
379	570
380	596
381	193
382	453
382	564
382	582
382	643
383	74
383	340
383	611
384	259
384	411
384	514
384	619
385	549
385	556
385	672
386	79
386	544
386	606
386	643
387	214
387	759
389	27
389	339
389	530
391	5
391	147
392	81
393	178
393	710
395	111
395	529
397	268
398	74
400	459
401	142
401	178
401	589
401	762
402	61
402	495
402	609
403	450
403	706
404	768
405	320
407	547
407	550
407	725
408	126
409	527
409	562
410	316
410	351
410	648
411	71
411	264
412	407
413	51
413	99
413	443
416	786
417	120
417	241
417	466
419	123
419	369
419	605
421	275
421	659
422	318
423	122
423	407
423	711
423	754
424	719
425	199
426	651
427	208
428	284
428	715
429	746
430	51
430	101
430	438
430	732
431	476
433	319
433	495
433	528
434	310
434	670
435	39
436	54
436	230
436	464
437	199
437	482
437	745
438	203
438	632
439	43
439	761
440	345
441	97
441	574
442	22
443	200
443	304
443	526
444	48
446	268
446	708
446	735
447	184
447	304
447	639
448	633
450	350
450	706
451	790
452	413
452	515
453	649
454	431
454	432
454	783
458	77
458	727
460	209
460	573
460	577
462	7
462	486
462	591
462	687
463	265
464	709
465	155
465	164
467	114
468	379
469	88
472	473
472	660
472	794
473	147
477	414
477	617
479	8
479	760
481	718
482	601
482	795
485	453
485	617
486	176
486	674
488	359
488	713
489	380
492	131
492	277
492	441
493	193
493	260
495	355
497	622
498	413
498	705
501	50
501	56
501	189
501	504
501	524
502	76
502	742
503	193
503	352
504	103
504	735
504	753
506	483
511	26
511	360
512	515
512	753
514	127
515	257
516	537
517	408
517	617
518	124
518	625
520	713
520	715
521	477
523	477
525	386
525	713
526	693
527	404
527	527
528	179
528	657
528	694
530	37
530	236
532	143
532	438
532	628
534	183
534	561
534	783
535	65
535	539
536	246
536	548
536	681
538	8
538	700
539	217
539	282
540	677
540	775
541	135
541	604
542	151
542	376
542	572
543	25
543	773
544	66
544	403
544	515
546	526
547	143
548	700
548	782
549	41
549	362
549	466
549	492
550	153
551	97
551	236
551	555
552	247
554	548
555	784
556	296
556	366
556	413
557	2
557	351
558	441
558	607
559	752
561	766
562	398
562	466
563	688
564	122
565	579
566	633
567	109
567	479
568	169
568	712
569	105
569	345
569	492
570	89
570	757
571	712
572	339
573	414
574	776
575	722
578	85
579	186
579	269
579	559
580	220
580	693
581	198
581	618
582	755
584	235
585	219
585	434
586	9
586	134
586	149
586	228
586	624
587	439
587	474
588	374
588	410
588	557
589	366
590	159
591	587
591	743
592	583
593	53
593	100
593	361
595	563
596	708
598	782
602	199
602	599
602	771
603	38
603	48
603	525
603	712
606	711
608	522
608	542
609	116
610	511
610	558
611	326
611	460
612	359
612	458
613	182
614	218
614	722
615	358
615	706
616	202
616	347
617	66
617	166
618	142
618	471
619	138
619	701
619	737
620	22
620	267
620	653
621	649
622	152
622	450
622	678
623	338
623	442
624	750
626	537
626	614
629	89
629	145
629	190
629	490
630	159
630	422
631	683
632	152
632	696
633	75
633	366
635	716
635	789
636	256
636	514
637	353
637	439
638	772
639	93
641	47
641	593
642	421
643	577
643	789
646	432
647	469
647	527
648	191
648	283
648	633
649	127
649	271
650	683
650	793
651	493
651	679
651	708
653	37
653	299
653	785
654	568
656	189
656	489
657	301
658	173
658	194
658	332
658	367
659	623
659	681
660	367
660	383
660	512
661	51
661	76
661	680
662	530
662	692
663	496
663	751
664	35
664	305
664	331
665	572
666	147
666	755
667	19
668	232
668	692
668	714
669	127
669	202
669	485
670	507
671	627
672	332
672	362
672	387
673	793
674	418
675	120
675	376
676	432
676	644
677	380
678	147
678	614
679	312
679	354
679	417
679	584
679	710
680	597
680	707
681	53
684	107
684	216
684	736
685	467
687	279
689	2
689	73
690	9
690	221
690	227
692	720
693	449
694	116
694	179
694	224
694	317
694	665
698	43
700	478
701	263
701	268
702	727
702	757
703	319
703	784
704	12
704	108
705	35
706	669
707	311
709	38
709	139
709	356
709	386
710	181
710	296
710	340
711	122
712	52
712	740
713	650
715	423
716	174
716	224
717	209
717	597
717	775
718	559
719	40
721	130
723	532
724	26
724	104
725	8
725	634
726	80
726	167
727	120
727	390
727	593
728	539
728	566
729	117
729	218
730	112
730	723
731	367
731	552
732	456
733	230
734	127
734	353
735	461
735	469
735	688
736	32
736	379
736	762
737	303
738	462
738	513
739	38
741	486
742	511
744	89
745	122
745	350
747	622
747	763
748	284
748	318
748	570
749	74
749	213
749	263
750	273
750	570
751	745
752	134
753	262
753	491
754	241
754	694
755	215
756	237
756	256
756	577
757	59
757	234
757	423
758	535
759	243
759	462
760	272
760	585
761	611
762	521
762	799
763	17
763	481
764	428
765	415
765	595
765	745
766	8
768	56
768	530
769	263
770	346
771	194
771	446
772	482
773	316
774	202
779	0
779	674
780	249
780	530
781	75
781	246
781	249
782	755
785	77
785	668
786	151
786	675
787	386
787	517
790	110
790	399
790	606
791	419
791	563
793	177
793	503
794	170
794	347
794	490
794	527
794	743
795	421
795	466
796	130
796	155
796	310
797	763
798	14
798	322
798	521
799	225
799	402
799	411
-----------
0	649
1	42
1	355
1	527
2	158
2	216
2	288
2	564
2	681
3	364
4	38
4	221
4	439
4	537
4	778
5	364
6	407
6	712
7	422
8	52
8	221
9	423
10	137
10	617
11	157
11	455
12	595
13	251
15	231
17	373
17	482
17	679
19	11
19	751
20	6
20	193
20	517
20	572
21	323
22	87
22	216
22	288
22	299
22	799
23	22
23	472
23	495
24	296
24	559
24	653
25	342
25	492
26	394
26	468
28	116
28	154
29	148
29	403
30	434
30	552
31	213
31	561
31	793
33	449
33	685
33	687
34	144
34	584
35	81
35	404
36	497
36	608
36	694
37	61
37	141
37	353
37	438
37	697
38	106
38	274
38	286
39	41
39	133
39	685
40	74
40	230
40	263
41	472
42	19
42	159
42	213
42	755
43	199
43	442
43	505
43	598
44	386
44	459
45	131
45	142
45	358
47	4
48	550
48	611
48	681
48	735
49	423
51	525
52	568
53	525
54	23
54	30
54	220
54	228
55	408
56	154
56	785
58	171
59	637
60	507
61	105
61	451
62	670
64	17
64	236
65	343
65	674
66	316
66	319
67	320
67	529
67	753
71	114
72	48
73	215
74	256
74	272
75	291
76	705
78	443
79	90
79	137
79	207
81	44
81	251
82	425
83	775
84	171
85	160
85	379
88	192
88	296
88	469
88	707
89	292
90	695
91	259
91	292
91	694
92	52
92	482
92	577
93	762
94	30
94	798
95	744
96	256
96	571
98	202
98	761
100	785
101	146
102	45
105	432
106	278
107	142
107	441
109	465
109	630
109	735
111	495
111	692
112	271
112	504
113	495
114	411
116	139
116	464
117	194
117	597
117	667
117	738
118	229
119	378
121	765
122	49
122	580
122	653
123	466
124	103
126	732
127	112
127	776
128	111
128	735
129	39
129	512
129	668
131	196
131	456
131	629
131	715
132	376
132	408
133	318
133	762
134	412
134	434
135	471
135	562
135	622
136	528
138	130
138	415
139	295
139	414
140	711
141	218
141	340
141	345
142	164
142	636
143	2
143	336
144	82
145	148
146	153
147	189
148	298
149	88
152	161
153	3
155	85
156	578
156	779
157	632
158	108
158	546
161	784
162	132
164	684
165	720
167	334
168	677
169	96
169	216
169	275
170	92
170	128
170	145
171	60
172	434
172	745
175	31
176	339
176	418
176	523
177	299
177	482
177	613
178	84
179	134
179	194
182	640
182	766
183	587
183	778
184	451
186	788
187	340
188	158
188	613
189	211
189	276
191	168
191	213
191	491
192	284
192	310
193	75
193	604
194	56
194	401
194	484
195	197
196	338
196	705
196	712
197	190
197	329
197	508
198	564
199	566
201	624
202	3
202	706
202	799
203	4
203	417
204	423
205	520
206	7
206	447
206	765
207	404
208	418
208	554
209	99
209	734
211	214
213	344
213	720
214	178
214	794
215	321
215	720
216	42
217	80
218	296
218	562
218	668
219	556
220	217
220	270
220	748
221	414
222	663
223	264
224	169
224	763
226	778
227	562
228	27
228	458
228	778
229	633
230	260
230	719
231	176
232	628
233	186
233	432
233	514
233	697
233	762
234	795
235	97
235	212
237	374
238	9
238	600
239	170
239	278
239	569
240	92
240	151
240	759
241	49
241	184
241	216
241	712
242	77
242	187
242	466
242	617
244	107
244	531
244	625
245	48
245	743
247	288
248	69
248	675
249	261
250	76
250	86
250	113
250	612
251	786
252	419
253	566
254	301
254	761
255	251
255	666
258	438
259	734
260	74
260	787
261	74
261	472
261	780
262	189
264	119
264	127
264	237
264	677
267	345
267	389
267	607
268	18
270	127
270	310
271	519
272	627
273	49
273	88
273	771
274	683
275	13
276	180
276	572
277	34
277	635
277	785
278	345
278	592
278	634
279	208
280	304
281	783
282	25
282	375
282	743
283	43
283	605
286	96
287	592
287	608
288	105
290	474
291	98
291	605
292	56
292	578
293	177
293	316
294	290
294	444
294	559
295	268
296	132
297	146
298	73
298	89
300	14
301	45
301	597
304	280
304	413
304	571
305	63
305	482
305	733
307	279
309	369
309	544
310	90
310	339
313	562
313	766
315	367
317	504
317	577
317	613
318	234
318	386
319	308
320	194
320	753
321	371
322	238
322	382
322	674
323	473
324	218
327	453
327	574
328	238
328	700
329	152
329	195
329	305
330	182
330	379
331	180
331	551
332	151
332	518
333	54
333	358
333	455
334	114
335	71
337	50
338	71
338	426
339	272
339	538
339	722
340	161
340	580
341	267
342	476
342	691
343	426
344	23
345	291
345	327
345	742
346	492
347	574
347	633
348	449
348	453
348	614
348	649
350	278
351	189
351	330
351	370
351	422
352	56
353	495
353	530
354	562
355	111
355	648
356	97
356	336
356	550
356	699
357	382
357	524
360	705
360	708
361	323
362	560
362	700
363	50
364	71
364	575
364	738
365	49
366	129
366	209
368	260
368	319
368	536
370	52
370	522
371	764
372	18
372	52
372	64
372	330
373	100
373	438
373	530
374	400
375	134
375	482
376	40
376	309
378	363
379	24
379	367
379	765
380	322
381	303
382	453
382	506
382	582
382	643
383	74
383	340
383	611
384	411
384	446
384	619
384	710
385	549
385	665
385	672
386	544
386	606
386	630
386	773
387	472
387	759
389	186
389	339
389	526
391	5
391	224
392	81
393	259
393	745
395	111
395	458
397	167
398	74
400	459
401	170
401	178
401	589
401	762
402	61
402	177
402	609
403	271
403	284
404	768
405	722
407	206
407	545
407	547
408	438
409	179
409	527
410	186
410	316
410	648
411	37
411	492
412	710
413	51
413	99
413	256
416	781
417	241
417	466
417	675
419	123
419	369
419	772
421	275
421	659
422	203
423	122
423	407
423	707
423	754
424	719
425	628
426	651
427	208
428	284
428	715
429	117
430	51
430	101
430	441
430	500
431	476
433	366
433	495
433	528
434	225
434	459
435	345
436	54
436	464
436	490
437	199
437	379
437	491
438	485
438	644
439	43
439	761
440	360
441	25
441	358
442	22
443	200
443	257
443	304
444	649
446	268
446	521
446	735
447	243
447	383
447	704
448	762
450	350
450	706
451	790
452	13
452	413
453	357
454	263
454	432
454	760
458	54
458	727
460	209
460	573
460	577
462	7
462	486
462	591
462	794
463	265
464	709
465	155
465	164
467	114
468	529
469	262
472	142
472	267
472	473
473	147
477	138
477	414
479	8
479	431
481	718
482	127
482	220
485	453
485	535
486	691
486	756
488	359
488	713
489	380
492	202
492	477
492	763
493	260
493	622
495	355
497	746
498	413
498	707
501	56
501	524
501	599
501	662
501	752
502	51
502	791
503	219
503	352
504	103
504	126
504	756
506	483
511	26
511	360
512	515
512	753
514	571
515	362
516	537
517	617
517	657
518	124
518	625
520	87
520	515
521	745
523	441
525	386
525	713
526	693
527	404
527	527
528	179
528	573
528	694
530	236
530	471
532	143
532	591
532	628
534	176
534	216
534	526
535	65
535	539
536	246
536	548
536	681
538	8
538	700
539	189
539	282
540	677
540	775
541	65
541	367
542	35
542	151
542	738
543	79
543	557
544	66
544	515
544	617
546	347
547	143
548	700
548	782
549	41
549	370
549	466
549	492
550	153
551	97
551	236
551	555
552	247
554	548
555	784
556	366
556	413
556	541
557	2
557	351
558	318
558	712
559	752
561	165
562	398
562	568
563	688
564	122
565	579
566	633
567	109
567	169
568	479
568	489
569	269
569	304
569	599
570	89
570	757
571	183
572	339
573	647
574	776
575	277
578	85
579	269
579	351
579	559
580	693
580	791
581	198
581	618
582	585
584	490
585	273
585	434
586	9
586	147
586	149
586	208
586	228
587	134
587	263
588	374
588	410
588	711
589	366
590	159
591	456
591	587
592	583
593	28
593	277
593	361
595	563
596	733
598	782
602	199
602	373
602	771
603	155
603	606
603	712
603	766
606	701
608	422
608	542
609	116
610	405
610	511
611	326
611	460
612	222
612	359
613	182
614	580
614	722
615	706
615	713
616	202
616	719
617	66
617	493
618	37
618	142
619	138
619	737
619	757
620	267
620	653
620	713
621	143
622	152
622	202
622	678
623	88
623	399
624	750
626	120
626	614
629	29
629	89
629	234
629	541
630	335
630	462
631	14
632	585
632	696
633	75
633	648
635	481
635	789
636	443
636	514
637	353
637	439
638	660
639	93
641	47
641	711
642	421
643	217
643	789
646	432
647	527
647	723
648	191
648	283
648	736
649	706
649	793
650	245
650	793
651	493
651	679
651	708
653	33
653	579
653	593
654	736
656	0
656	103
657	301
658	173
658	194
658	332
658	367
659	623
659	681
660	512
660	611
660	639
661	76
661	264
661	680
662	530
662	692
663	496
663	751
664	35
664	167
664	212
665	570
666	147
666	755
667	19
668	447
668	714
668	725
669	127
669	202
669	632
670	742
671	442
672	332
672	362
672	387
673	793
674	558
675	120
675	376
676	432
676	477
677	380
678	147
678	614
679	5
679	312
679	354
679	584
679	601
680	7
680	705
681	450
684	397
684	561
684	731
685	467
687	279
689	589
689	671
690	221
690	227
690	464
692	720
693	347
694	116
694	224
694	466
694	521
694	556
698	43
700	478
701	268
701	783
702	727
702	757
703	319
703	539
704	12
704	108
705	35
706	674
707	311
709	11
709	38
709	166
709	356
710	181
710	296
710	340
711	122
712	17
712	740
713	650
715	423
716	174
716	224
717	570
717	597
717	775
718	75
719	40
721	130
723	532
724	26
724	104
725	8
725	634
726	80
726	331
727	120
727	390
727	593
728	566
728	784
729	117
729	218
730	461
730	647
731	552
731	669
732	743
733	230
734	353
734	489
735	376
735	469
735	688
736	32
736	262
736	269
737	193
738	474
738	513
739	38
741	486
742	511
744	346
745	122
745	350
747	193
747	249
748	450
748	524
748	570
749	439
749	462
749	551
750	209
750	273
751	745
752	213
753	262
753	435
754	9
754	241
755	476
756	232
756	494
756	611
757	59
757	235
757	423
758	535
759	243
759	462
760	585
760	786
761	135
762	675
762	708
763	129
763	215
764	428
765	52
765	415
765	643
766	8
768	7
768	38
769	263
770	89
771	194
771	784
772	363
773	697
774	53
779	0
779	674
780	317
780	530
781	53
781	246
781	302
782	755
785	77
785	110
786	341
786	716
787	386
787	517
790	2
790	41
790	683
791	563
791	713
793	498
793	503
794	170
794	177
794	490
794	584
794	743
795	249
795	421
796	63
796	130
796	310
797	117
798	521
798	596
798	640
799	18
799	225
799	402
-----------
0	106
1	270
1	355
1	444
2	39
2	153
2	216
2	267
2	288
3	459
4	165
4	414
4	439
4	514
4	778
5	364
6	573
6	712
7	422
8	52
8	221
9	423
10	503
10	617
11	455
11	665
12	554
13	251
15	231
17	482
17	679
17	748
19	11
19	751
20	6
20	193
20	517
20	570
21	323
22	38
22	87
22	120
22	216
22	299
23	22
23	472
23	495
24	18
24	236
24	785
25	492
25	529
26	251
26	518
28	116
28	154
29	148
29	761
30	434
30	552
31	213
31	432
31	793
33	438
33	685
33	687
34	144
34	584
35	274
35	404
36	98
36	552
36	694
37	141
37	221
37	438
37	623
37	697
38	33
38	286
38	469
39	41
39	251
39	548
40	74
40	230
40	263
41	403
42	19
42	335
42	340
42	715
43	561
43	598
43	601
43	653
44	668
44	674
45	142
45	358
45	731
47	4
48	545
48	611
48	681
48	735
49	43
51	525
52	568
53	525
54	23
54	126
54	322
54	649
55	556
56	154
56	649
58	481
59	637
60	507
61	105
61	451
62	225
64	17
64	236
65	343
65	474
66	316
66	762
67	119
67	320
67	342
71	114
72	48
73	215
74	272
74	447
75	291
76	705
78	206
79	90
79	207
79	344
81	88
81	468
82	425
83	111
84	171
85	160
85	379
88	117
88	296
88	707
88	736
89	292
90	695
91	259
91	292
91	795
92	52
92	482
92	577
93	170
94	713
94	798
95	132
96	256
96	340
98	139
98	202
100	435
101	607
102	45
105	432
106	278
107	202
107	318
109	465
109	630
109	735
111	194
111	692
112	271
112	735
113	495
114	411
116	505
116	571
117	7
117	495
117	667
117	738
118	229
119	527
121	765
122	580
122	604
122	632
123	733
124	103
126	330
127	104
127	112
128	53
128	775
129	195
129	386
129	512
131	30
131	263
131	456
131	629
132	59
132	408
133	572
133	762
134	599
134	772
135	192
135	471
135	562
136	528
138	415
138	694
139	288
139	414
140	707
141	218
141	340
141	345
142	164
142	636
143	2
143	336
144	82
145	784
146	158
147	483
148	34
149	44
152	161
153	3
155	85
156	578
156	779
157	183
158	108
158	546
161	122
162	744
164	684
165	720
167	334
168	677
169	96
169	216
169	275
170	92
170	128
170	193
171	60
172	434
172	585
175	592
176	339
176	418
176	523
177	5
177	482
177	575
178	84
179	3
179	194
182	640
182	766
183	587
183	778
184	451
186	788
187	170
188	158
188	613
189	276
189	753
191	168
191	213
191	491
192	284
192	366
193	75
193	547
194	56
194	401
194	484
195	197
196	42
196	668
196	705
197	29
197	316
197	329
198	564
199	566
201	624
202	224
202	706
202	799
203	152
203	441
204	423
205	520
206	7
206	319
206	447
207	404
208	142
208	595
209	99
209	734
211	472
213	467
213	720
214	45
214	464
215	321
215	720
216	42
217	80
218	9
218	11
218	296
219	330
220	199
220	217
220	497
221	295
222	663
223	264
224	169
224	578
226	326
227	562
228	27
228	161
228	458
229	762
230	260
230	719
231	176
232	628
233	186
233	277
233	319
233	697
233	756
234	130
235	212
235	713
237	374
238	9
238	713
239	170
239	278
239	569
240	92
240	151
240	759
241	49
241	184
241	216
241	712
242	77
242	138
242	187
242	442
244	434
244	498
244	625
245	606
245	743
247	669
248	69
248	718
249	261
250	76
250	86
250	113
250	492
251	781
252	419
253	566
254	301
254	472
255	213
255	666
258	438
259	734
260	74
260	787
261	74
261	472
261	780
262	189
264	211
264	407
264	494
264	677
267	304
267	389
267	719
268	18
270	0
270	310
271	559
272	88
273	88
273	696
273	771
274	245
275	296
276	13
276	180
277	635
277	723
277	785
278	345
278	592
278	634
279	625
280	555
281	176
282	25
282	375
282	743
283	519
283	727
286	96
287	31
287	608
288	580
290	356
291	476
291	605
292	56
292	562
293	443
293	697
294	290
294	302
294	527
295	167
296	265
297	146
298	142
298	755
300	14
301	178
301	453
304	73
304	280
304	405
305	26
305	466
305	691
307	279
309	369
309	675
310	90
310	196
313	611
313	674
315	593
317	504
317	613
317	647
318	166
318	234
319	308
320	189
320	194
321	745
322	238
322	360
322	382
323	473
324	373
327	574
327	710
328	238
328	700
329	305
329	506
329	765
330	299
330	793
331	85
331	551
332	151
332	394
333	54
333	358
333	455
334	114
335	71
337	50
338	71
338	426
339	272
339	538
339	722
340	570
340	711
341	267
342	476
342	691
343	64
344	390
345	327
345	524
345	742
346	492
347	18
347	736
348	449
348	453
348	614
348	649
350	278
351	4
351	370
351	408
351	422
352	56
353	495
353	530
354	500
355	111
355	648
356	97
356	336
356	550
356	577
357	291
357	382
360	705
360	733
361	323
362	9
362	560
363	404
364	103
364	612
364	738
365	49
366	129
366	209
368	260
368	536
368	742
370	129
370	522
371	764
372	52
372	127
372	182
372	580
373	100
373	180
373	438
374	562
375	134
375	482
376	40
376	309
378	363
379	24
379	367
379	765
380	596
381	145
382	453
382	582
382	583
382	643
383	74
383	571
383	611
384	259
384	411
384	619
384	784
385	157
385	549
385	672
386	79
386	477
386	544
386	643
387	214
387	759
389	186
389	257
389	339
391	5
391	147
392	81
393	379
393	710
395	111
395	458
397	268
398	74
400	459
401	178
401	589
401	755
401	762
402	61
402	177
402	609
403	450
403	706
404	298
405	722
407	304
407	550
407	653
408	449
409	527
409	562
410	189
410	316
410	351
411	56
411	71
412	127
413	99
413	108
413	443
416	786
417	221
417	241
417	466
419	123
419	369
419	660
421	275
421	659
422	203
423	143
423	407
423	711
423	754
424	719
425	301
426	651
427	397
428	284
428	715
429	746
430	51
430	101
430	339
430	732
431	476
433	366
433	495
433	528
434	459
434	670
435	597
436	49
436	54
436	464
437	199
437	491
437	745
438	485
438	644
439	43
439	761
440	674
441	25
441	97
442	22
443	177
443	681
443	693
444	220
446	224
446	268
446	735
447	260
447	383
447	704
448	633
450	350
450	706
451	790
452	110
452	413
453	357
454	432
454	760
454	783
458	52
458	54
460	209
460	573
460	577
462	7
462	486
462	591
462	794
463	132
464	41
465	155
465	164
467	114
468	529
469	262
472	473
472	605
472	794
473	147
477	526
477	617
479	8
479	431
481	675
482	127
482	791
485	179
485	535
486	482
486	756
488	359
488	713
489	380
492	131
492	277
492	441
493	193
493	243
495	355
497	622
498	413
498	707
501	50
501	364
501	524
501	662
501	752
502	51
502	762
503	273
503	352
504	264
504	379
504	753
506	648
511	26
511	360
512	515
512	753
514	671
515	530
516	537
517	617
517	657
518	124
518	584
520	640
520	685
521	745
523	169
525	30
525	386
526	414
527	378
527	531
528	14
528	179
528	694
530	37
530	653
532	143
532	155
532	628
534	561
534	632
534	783
535	65
535	539
536	246
536	373
536	681
538	8
538	700
539	189
539	282
540	677
540	775
541	135
541	776
542	151
542	376
542	738
543	574
543	773
544	228
544	515
544	617
546	347
547	65
548	700
548	782
549	41
549	362
549	466
549	492
550	153
551	97
551	236
551	755
552	247
554	548
555	521
556	310
556	413
556	541
557	2
557	351
558	318
558	712
559	752
561	38
562	398
562	466
563	688
564	784
565	579
566	633
567	109
567	479
568	441
568	712
569	105
569	269
569	345
570	89
570	757
571	745
572	339
573	647
574	776
575	341
578	370
579	186
579	269
579	559
580	137
580	693
581	198
581	618
582	146
584	234
585	219
585	434
586	134
586	149
586	208
586	228
586	400
587	439
587	462
588	374
588	410
588	557
589	366
590	159
591	587
591	743
592	564
593	28
593	220
593	361
595	130
596	708
598	782
602	199
602	599
602	613
603	48
603	591
603	712
603	766
606	701
608	422
608	542
609	116
610	418
610	511
611	460
611	778
612	222
612	359
613	182
614	218
614	722
615	358
615	706
616	202
616	526
617	66
617	493
618	413
618	471
619	345
619	593
619	737
620	267
620	489
620	713
621	122
622	152
622	202
622	678
623	442
623	608
624	750
626	614
626	675
629	89
629	190
629	490
629	541
630	159
630	462
631	138
632	49
632	761
633	75
633	648
635	171
635	789
636	256
636	514
637	353
637	439
638	412
639	93
641	47
641	709
642	421
643	699
643	789
646	432
647	217
647	527
648	191
648	283
648	633
649	271
649	793
650	288
650	683
651	143
651	493
651	679
653	37
653	423
653	757
654	469
656	103
656	489
657	628
658	173
658	194
658	256
658	332
659	61
659	681
660	512
660	597
660	639
661	76
661	579
661	680
662	530
662	708
663	496
663	751
664	35
664	167
664	212
665	572
666	147
666	304
667	19
668	367
668	490
668	725
669	202
669	490
669	763
670	585
671	627
672	332
672	362
672	387
673	793
674	558
675	120
675	376
676	432
676	477
677	380
678	147
678	614
679	312
679	354
679	417
679	584
679	771
680	705
680	708
681	450
684	208
684	216
684	606
685	249
687	279
689	571
689	589
690	227
690	353
690	464
692	720
693	347
694	116
694	224
694	317
694	453
694	556
698	43
700	478
701	263
701	268
702	66
702	757
703	319
703	539
704	12
704	51
705	35
706	511
707	311
709	38
709	386
709	399
709	674
710	181
710	296
710	340
711	122
712	52
712	740
713	650
715	423
716	174
716	521
717	563
717	570
717	775
718	75
719	40
721	130
723	532
724	63
724	597
725	8
725	634
726	80
726	331
727	23
727	120
727	426
728	566
728	784
729	117
729	218
730	768
730	791
731	133
731	367
732	456
733	230
734	127
734	353
735	81
735	461
735	688
736	32
736	262
736	269
737	303
738	474
738	513
739	38
741	486
742	148
744	89
745	122
745	350
747	622
747	763
748	142
748	284
748	778
749	213
749	263
749	551
750	209
750	273
751	371
752	134
753	262
753	785
754	241
754	700
755	338
756	232
756	237
756	611
757	235
757	423
757	630
758	535
759	243
759	462
760	585
760	786
761	367
762	692
762	799
763	17
763	716
764	428
765	107
765	200
765	415
766	8
768	7
768	544
769	87
770	346
771	194
771	446
772	363
773	508
774	53
779	0
779	683
780	249
780	530
781	246
781	559
781	568
782	89
785	13
785	77
786	215
786	537
787	386
787	517
790	2
790	515
790	711
791	504
791	600
793	137
793	177
794	35
794	208
794	376
794	714
794	743
795	421
795	466
796	63
796	310
796	563
797	117
798	521
798	727
798	766
799	225
799	402
799	524
-----------
0	649
1	42
1	355
1	469
2	153
2	216
2	267
2	288
2	506
3	364
4	165
4	295
4	341
4	439
4	778
5	364
6	453
6	712
7	422
8	52
8	221
9	423
10	137
10	209
11	157
11	710
12	554
13	251
15	231
17	373
17	482
17	679
19	11
19	751
20	517
20	570
20	696
20	737
21	323
22	38
22	216
22	221
22	356
22	544
23	22
23	472
23	495
24	423
24	653
24	706
25	174
25	677
26	2
26	394
28	116
28	154
29	148
29	408
30	390
30	552
31	432
31	618
31	793
33	449
33	685
33	687
34	601
34	630
35	483
35	563
36	86
36	497
36	694
37	61
37	141
37	353
37	438
37	697
38	33
38	81
38	286
39	41
39	237
39	556
40	198
40	263
40	455
41	213
42	19
42	213
42	335
42	755
43	199
43	568
43	681
43	735
44	147
44	668
45	142
45	358
45	731
47	4
48	545
48	611
48	681
48	735
49	199
51	525
52	568
53	525
54	23
54	613
54	649
54	693
55	330
56	106
56	154
58	674
59	346
60	507
61	105
61	451
62	225
64	8
64	236
65	343
65	474
66	316
66	762
67	119
67	320
67	371
71	114
72	71
73	215
74	272
74	447
75	291
76	705
78	443
79	90
79	207
79	344
81	44
81	251
82	51
83	111
84	263
85	160
85	379
88	122
88	296
88	527
88	707
89	292
90	695
91	259
91	292
91	663
92	52
92	482
92	577
93	35
94	30
94	798
95	284
96	256
96	571
98	202
98	761
100	435
101	146
102	45
105	432
106	278
107	167
107	202
109	465
109	584
109	617
111	438
111	564
112	7
112	657
113	495
114	411
116	139
116	643
117	194
117	271
117	667
117	738
118	229
119	414
121	675
122	489
122	580
122	653
123	733
124	103
126	182
127	37
127	112
128	159
128	756
129	39
129	386
129	512
131	30
131	87
131	456
131	629
132	376
132	472
133	524
133	762
134	492
134	599
135	117
135	471
135	562
136	528
138	130
138	415
139	98
139	414
140	707
141	218
141	345
141	688
142	164
142	580
143	336
143	468
144	82
145	148
146	536
147	189
148	298
149	88
152	161
153	405
155	85
156	578
156	779
157	632
158	108
158	546
161	784
162	744
164	9
165	720
167	334
168	342
169	96
169	216
169	275
170	92
170	128
170	145
171	60
172	434
172	585
175	31
176	418
176	528
176	757
177	5
177	379
177	482
178	762
179	194
179	607
182	640
182	766
183	257
183	587
184	451
186	788
187	170
188	158
188	613
189	276
189	753
191	168
191	213
191	491
192	132
192	310
193	75
193	604
194	339
194	484
194	672
195	197
196	270
196	668
196	705
197	29
197	329
197	508
198	692
199	566
201	202
202	441
202	706
202	799
203	505
203	778
204	495
205	520
206	7
206	447
206	765
207	404
208	556
208	595
209	99
209	734
211	472
213	137
213	720
214	45
214	296
215	321
215	648
216	633
217	80
218	11
218	527
218	736
219	685
220	217
220	490
220	748
221	378
222	694
223	756
224	169
224	763
226	617
227	562
228	27
228	441
228	458
229	762
230	260
230	719
231	176
232	628
233	186
233	319
233	514
233	561
233	697
234	795
235	212
235	671
237	374
238	9
238	600
239	170
239	256
239	569
240	92
240	389
240	759
241	49
241	184
241	407
241	712
242	77
242	138
242	345
242	760
244	498
244	531
244	625
245	606
245	743
247	288
248	69
248	675
249	261
250	76
250	108
250	113
250	612
251	446
252	419
253	107
254	301
254	761
255	251
255	666
258	203
259	734
260	787
260	793
261	74
261	472
261	780
262	189
264	209
264	211
264	494
264	677
267	151
267	304
267	719
268	438
270	310
270	340
271	43
272	166
273	49
273	116
273	771
274	245
275	700
276	180
276	573
277	34
277	635
277	785
278	345
278	592
278	634
279	584
280	304
281	176
282	25
282	375
282	753
283	144
283	519
286	96
287	592
287	608
288	373
290	438
291	476
291	605
292	578
292	669
293	177
293	697
294	290
294	302
294	444
295	142
296	132
297	146
298	73
298	89
300	482
301	178
301	597
304	413
304	571
304	704
305	63
305	466
305	691
307	613
309	369
309	675
310	90
310	196
313	171
313	766
315	562
317	134
317	504
317	647
318	88
318	234
319	308
320	187
320	194
321	529
322	238
322	360
322	382
323	473
324	636
327	574
327	710
328	161
328	366
329	195
329	742
329	778
330	299
330	521
331	180
331	551
332	151
332	518
333	48
333	230
333	477
334	114
335	358
337	50
338	147
338	426
339	538
339	611
339	722
340	238
340	711
341	267
342	476
342	691
343	426
344	23
345	327
345	524
345	742
346	674
347	580
347	736
348	412
348	453
348	614
348	649
350	278
351	189
351	370
351	408
351	422
352	56
353	367
353	530
354	500
355	111
355	720
356	336
356	526
356	550
356	699
357	291
357	382
360	705
360	733
361	323
362	296
362	560
363	562
364	374
364	492
364	738
365	49
366	129
366	598
368	158
368	260
368	319
370	129
370	522
371	764
372	18
372	52
372	64
372	330
373	100
373	179
373	370
374	400
375	14
375	134
376	40
376	309
378	363
379	24
379	367
379	765
380	596
381	193
382	453
382	464
382	564
382	582
383	74
383	544
383	611
384	259
384	411
384	619
384	784
385	56
385	549
385	665
386	79
386	340
386	606
386	643
387	214
387	361
389	182
389	186
389	778
391	5
391	459
392	81
393	283
393	455
395	111
395	458
397	268
398	74
400	219
401	0
401	178
401	589
401	762
402	61
402	177
402	609
403	450
403	706
404	700
405	722
407	206
407	547
407	550
408	495
409	434
409	548
410	216
410	269
410	316
411	71
411	264
412	527
413	99
413	443
413	789
416	722
417	120
417	241
417	466
419	339
419	369
419	660
421	275
421	659
422	492
423	192
423	216
423	711
423	754
424	719
425	628
426	651
427	208
428	284
428	715
429	746
430	101
430	126
430	425
430	732
431	379
433	366
433	413
433	495
434	459
434	670
435	442
436	49
436	54
436	464
437	491
437	559
437	745
438	485
438	644
439	713
439	761
440	674
441	25
441	97
442	22
443	200
443	453
443	526
444	220
446	268
446	521
446	735
447	243
447	280
447	383
448	633
450	350
450	706
451	790
452	110
452	684
453	357
454	432
454	489
454	783
458	54
458	727
460	105
460	209
460	577
462	7
462	486
462	591
462	794
463	265
464	709
465	164
465	579
467	114
468	147
469	241
472	473
472	605
472	794
473	71
477	414
477	617
479	38
479	431
481	718
482	127
482	791
485	304
485	535
486	264
486	482
488	359
488	713
489	380
492	131
492	224
492	277
493	193
493	260
495	355
497	622
498	413
498	542
501	50
501	56
501	504
501	524
501	640
502	51
502	423
503	13
503	352
504	103
504	134
504	743
506	274
511	130
511	574
512	515
512	753
514	571
515	530
516	537
517	305
517	662
518	124
518	625
520	387
520	715
521	633
523	441
525	386
525	713
526	674
527	423
527	562
528	13
528	179
528	694
530	236
530	776
532	143
532	155
532	628
534	183
534	561
534	783
535	65
535	539
536	246
536	548
536	681
538	17
538	700
539	189
539	282
540	677
540	775
541	65
541	135
542	151
542	376
542	738
543	26
543	773
544	66
544	515
544	617
546	347
547	143
548	700
548	782
549	41
549	362
549	449
549	466
550	153
551	97
551	236
551	555
552	247
554	527
555	784
556	59
556	366
556	541
557	2
557	351
558	318
558	478
559	752
561	299
562	398
562	466
563	340
564	122
565	579
566	745
567	109
567	479
568	169
568	712
569	269
569	345
569	650
570	89
570	793
571	3
572	339
573	647
574	776
575	277
578	85
579	186
579	351
579	559
580	170
580	220
581	74
581	213
582	745
584	234
585	127
585	459
586	149
586	208
586	228
586	413
586	735
587	439
587	462
588	410
588	557
588	575
589	768
590	775
591	587
591	743
592	583
593	359
593	599
593	759
595	563
596	708
598	782
602	28
602	87
602	262
603	48
603	591
603	712
603	766
606	701
608	422
608	707
609	88
610	418
610	511
611	326
611	460
612	222
612	249
613	401
614	218
614	786
615	358
615	572
616	97
616	624
617	66
617	493
618	142
618	471
619	138
619	193
619	593
620	267
620	653
620	713
621	143
622	152
622	202
622	608
623	338
623	442
624	127
626	614
626	765
629	89
629	190
629	490
629	541
630	159
630	462
631	683
632	6
632	152
633	75
633	648
635	51
635	481
636	278
636	514
637	353
637	439
638	772
639	93
641	47
641	711
642	421
643	577
643	789
646	432
647	217
647	407
648	42
648	191
648	476
649	74
649	271
650	683
650	793
651	493
651	679
651	708
653	37
653	757
653	785
654	142
656	4
656	103
657	301
658	173
658	194
658	332
658	705
659	572
659	681
660	147
660	512
660	639
661	76
661	155
661	680
662	530
662	692
663	496
663	751
664	35
664	167
664	212
665	623
666	529
666	755
667	19
668	256
668	714
668	725
669	202
669	434
669	632
670	585
671	627
672	332
672	362
672	752
673	123
674	558
675	120
675	376
676	432
676	477
677	573
678	272
678	614
679	279
679	312
679	354
679	417
679	584
680	367
680	597
681	450
684	54
684	397
684	648
685	467
687	279
689	43
689	404
690	221
690	399
690	464
692	720
693	347
694	3
694	18
694	116
694	224
694	317
698	43
700	712
701	75
701	268
702	727
702	757
703	490
703	539
704	12
704	288
705	35
706	56
707	311
709	8
709	199
709	227
709	386
710	181
710	296
710	322
711	122
712	133
712	740
713	380
715	589
716	224
716	492
717	570
717	597
717	775
718	171
719	40
721	130
723	532
724	26
724	104
725	8
725	634
726	80
726	331
727	120
727	434
727	593
728	566
728	784
729	218
729	310
730	723
730	791
731	84
731	552
732	456
733	474
734	127
734	353
735	461
735	469
735	688
736	32
736	262
736	269
737	303
738	230
738	513
739	38
741	786
742	511
744	89
745	122
745	350
747	622
747	763
748	284
748	318
748	570
749	263
749	403
749	551
750	273
750	750
751	745
752	339
753	771
753	785
754	9
754	262
755	404
756	52
756	232
756	611
757	235
757	423
757	523
758	535
759	243
759	462
760	486
760	585
761	367
762	708
762	799
763	17
763	716
764	428
765	52
765	415
765	566
766	8
768	7
768	38
769	263
770	637
771	194
771	781
772	363
773	316
774	53
779	0
779	693
780	249
780	530
781	53
781	246
781	559
782	755
785	77
785	273
786	215
786	537
787	386
787	517
790	2
790	41
790	515
791	678
791	713
793	177
793	503
794	208
794	228
794	319
794	630
794	743
795	421
795	466
796	63
796	117
796	360
797	117
798	14
798	340
798	521
799	18
799	225
799	402
-----------
