0	553
1	101
2	43
2	66
4	34
4	128
4	328
4	630
6	504
7	276
8	28
8	790
9	89
9	337
10	97
11	765
12	115
13	40
14	604
14	619
15	265
16	545
16	725
17	285
17	661
19	39
19	83
19	108
19	344
19	763
21	373
22	505
23	422
24	271
24	324
25	156
25	297
26	165
26	209
26	450
26	564
28	668
29	41
30	430
30	583
30	687
31	764
32	432
32	571
32	706
35	431
35	534
35	567
36	32
36	630
38	529
39	34
39	100
40	643
40	727
40	736
42	464
43	687
44	429
45	582
45	650
46	556
48	229
49	160
49	572
50	65
50	689
50	716
50	765
51	289
51	428
52	404
52	697
53	133
53	476
54	209
55	70
55	265
55	585
56	177
56	703
56	712
57	413
57	636
58	771
59	16
59	54
59	402
59	503
59	603
60	188
61	39
61	251
62	210
64	37
65	288
67	11
68	746
69	470
70	708
71	151
72	27
72	478
74	272
75	32
75	560
76	147
76	578
78	374
81	102
82	523
82	616
83	708
84	305
84	631
84	748
84	769
85	341
85	350
86	226
86	336
86	686
87	172
87	512
88	463
88	677
88	713
89	122
89	220
89	479
89	664
90	397
90	520
90	555
91	338
92	250
92	493
93	59
94	728
97	11
97	133
97	376
97	662
98	155
98	608
99	196
99	395
99	431
100	123
100	255
100	314
100	744
102	589
103	375
103	501
104	224
105	365
106	36
106	677
107	782
108	783
109	64
110	21
111	715
112	247
112	542
112	590
113	136
114	607
117	411
118	525
118	635
119	179
119	240
120	76
120	291
121	253
121	594
122	494
125	297
125	504
125	658
126	321
126	510
127	394
127	674
127	797
128	112
128	427
131	149
131	305
131	468
131	598
131	667
131	787
132	108
132	453
133	707
133	712
134	154
134	625
134	762
135	52
135	426
136	624
139	777
140	645
141	143
141	178
141	421
142	56
142	161
142	658
145	474
145	481
145	490
145	624
147	151
147	517
147	771
148	46
148	238
149	465
150	328
151	202
151	771
153	181
153	424
155	41
155	119
155	477
156	384
157	793
158	193
158	424
158	602
158	760
159	258
160	148
160	161
160	355
160	699
161	322
162	391
164	42
164	240
165	102
166	97
166	112
166	574
167	531
167	698
168	147
168	297
169	407
170	73
170	589
171	64
171	351
171	662
172	128
172	460
174	18
174	324
174	447
176	306
176	674
177	324
178	774
179	39
179	623
181	322
181	350
181	510
182	13
184	331
185	496
186	207
186	346
186	471
187	43
188	659
189	193
189	430
190	790
191	96
192	45
193	276
194	487
195	68
196	286
196	429
196	449
197	652
198	393
199	8
201	139
201	510
203	299
203	705
204	585
205	249
205	362
205	670
205	734
206	683
207	373
207	760
208	89
208	144
211	455
212	71
212	225
212	448
212	722
213	274
213	351
214	411
214	502
216	39
216	100
216	174
216	606
217	680
218	291
220	332
221	8
221	476
221	748
222	10
222	387
222	424
223	79
223	327
224	201
225	67
225	419
226	269
226	364
226	740
227	749
228	436
229	335
229	641
231	288
231	511
232	380
233	449
234	676
235	593
235	681
236	226
237	52
237	146
237	231
238	340
238	601
239	458
240	541
240	751
243	64
243	249
243	346
244	731
245	671
247	73
247	204
247	574
249	609
250	45
250	104
250	417
250	600
251	2
252	555
252	721
254	725
254	738
256	601
257	384
258	248
258	790
259	579
259	781
260	446
261	156
261	461
263	72
263	129
264	99
265	75
265	772
266	49
266	554
267	74
267	116
267	417
268	100
268	447
269	456
270	207
270	469
271	161
271	740
272	296
273	10
273	117
273	582
273	740
274	17
275	624
276	70
277	271
277	331
278	532
278	554
279	84
279	380
279	633
280	91
280	315
280	709
281	205
282	18
282	190
282	232
282	522
282	632
283	233
283	322
283	476
283	699
285	773
287	178
287	225
288	721
288	731
289	463
290	721
291	17
292	2
292	385
293	414
293	533
294	729
295	418
295	557
295	615
295	669
295	717
296	54
296	356
297	230
298	70
299	736
302	67
302	244
302	586
302	760
303	714
305	183
305	600
306	59
307	594
307	635
307	651
308	435
309	174
309	692
310	25
310	32
310	427
310	538
313	184
313	381
313	519
314	132
314	156
314	198
315	255
315	298
315	489
317	213
319	220
319	313
319	640
319	734
320	342
321	342
321	660
321	715
323	187
323	465
324	356
324	447
324	629
324	670
325	52
325	316
325	569
325	752
326	570
326	585
328	558
329	133
329	337
330	585
330	668
330	774
331	88
332	265
333	83
333	298
333	502
333	781
335	156
336	183
336	773
338	746
339	467
340	143
340	175
340	306
340	333
340	395
340	658
341	445
341	559
342	277
342	663
342	795
343	432
343	497
344	657
344	763
345	554
346	64
346	165
347	415
348	114
349	310
349	372
349	455
350	45
350	78
351	635
352	60
352	566
355	561
355	587
357	71
358	746
359	482
359	615
359	749
360	110
360	151
360	702
360	744
361	176
363	510
363	755
365	226
365	245
365	331
366	220
371	251
371	659
372	48
372	436
373	164
375	244
375	762
377	46
377	516
380	477
381	267
381	414
382	755
383	180
383	637
384	390
384	533
384	784
385	293
386	26
386	254
386	544
387	496
389	19
389	495
389	728
390	436
390	658
391	772
394	424
395	56
395	228
395	712
395	741
396	185
396	688
397	326
397	671
398	94
398	256
398	357
398	568
400	242
400	338
400	375
401	79
401	319
402	517
403	746
404	321
404	384
404	619
405	92
405	462
405	663
405	744
406	79
406	392
406	570
407	88
407	228
407	450
407	473
408	375
408	547
412	209
412	385
413	41
413	134
413	481
414	368
414	651
416	157
416	248
416	291
416	349
416	478
417	48
417	519
418	173
419	54
419	187
419	510
420	181
420	373
420	447
420	545
422	357
422	632
423	359
424	188
425	239
425	458
426	379
426	419
427	124
427	677
428	276
428	309
428	439
429	153
429	307
432	423
433	622
433	732
434	640
435	243
435	624
437	568
437	589
437	756
438	625
439	151
439	244
439	567
440	484
441	255
441	317
441	369
443	177
444	558
445	357
445	700
446	73
447	87
448	51
448	427
448	762
449	18
449	97
449	396
449	460
449	686
450	228
450	747
451	10
451	443
451	589
452	45
452	156
453	433
455	743
456	171
456	584
456	751
457	149
457	631
459	23
460	341
461	283
461	491
461	635
462	285
462	375
462	664
463	623
463	676
463	718
463	774
465	549
466	533
466	659
466	745
467	11
467	212
467	288
467	338
467	470
467	633
468	121
468	594
472	175
472	693
473	63
474	18
474	340
474	661
475	126
475	333
475	367
475	742
475	766
477	516
478	734
482	421
482	655
482	735
482	794
483	485
484	94
484	667
485	98
485	224
485	338
485	437
486	153
487	2
487	551
487	645
489	370
489	564
492	370
493	18
494	788
495	587
496	607
497	63
498	207
499	119
499	596
500	451
501	201
501	310
501	501
502	501
502	774
503	764
504	109
504	380
505	442
505	782
506	505
506	524
507	323
508	459
509	424
509	442
509	604
510	495
512	8
512	141
512	478
513	87
514	629
514	727
515	64
515	173
515	235
515	418
516	340
516	390
517	316
518	415
519	87
521	248
522	190
523	621
525	216
525	764
526	486
527	472
528	401
529	101
530	321
531	683
532	3
532	454
533	463
533	767
535	73
536	233
536	751
536	798
538	328
538	376
538	743
539	271
539	445
541	42
541	471
541	596
541	705
542	128
543	197
544	583
546	150
547	34
549	587
550	567
551	599
552	57
552	194
552	274
554	280
554	564
557	563
558	350
559	409
561	54
563	416
563	464
564	468
564	575
564	665
566	60
567	16
567	231
567	580
568	71
568	554
569	471
569	555
570	36
570	634
573	421
574	58
575	748
576	246
577	372
578	305
578	528
578	712
579	339
581	130
582	193
582	620
583	310
583	768
585	447
586	54
586	81
586	187
586	374
587	691
588	749
588	781
589	379
589	535
589	678
589	696
590	426
591	358
593	449
593	705
593	770
593	792
595	215
595	448
595	796
596	329
597	125
598	439
598	563
599	205
599	388
599	666
599	732
600	183
600	478
600	569
601	160
601	214
601	414
602	287
602	760
604	345
605	237
605	663
606	723
606	727
608	315
608	450
608	640
608	768
609	427
610	593
611	404
612	152
612	176
614	126
614	397
614	569
615	757
616	112
616	166
617	114
617	512
618	292
618	702
623	34
623	88
623	344
623	488
624	345
626	35
626	58
626	488
627	149
629	25
629	401
630	333
631	748
632	11
632	18
632	21
632	775
633	10
633	302
633	470
635	132
635	320
635	693
636	341
637	4
637	181
637	678
639	660
641	361
641	781
642	619
643	91
643	476
643	755
644	798
645	274
646	304
646	535
646	542
647	683
648	796
650	582
650	711
651	349
651	369
651	405
651	667
652	152
654	79
654	733
655	314
655	547
656	326
659	558
659	700
661	456
662	277
662	346
663	372
663	557
664	334
665	688
668	379
669	241
669	673
669	793
670	135
671	52
671	72
671	468
671	692
672	571
673	259
673	399
673	579
676	255
677	84
677	295
677	443
677	615
678	251
678	696
679	196
680	448
680	745
680	784
681	68
682	406
682	544
685	5
686	789
687	789
688	162
689	619
689	776
691	224
692	154
693	60
693	489
693	610
696	250
696	397
697	197
697	232
697	362
697	573
698	129
699	23
699	90
699	154
699	331
700	675
702	558
705	206
706	343
706	377
706	711
707	50
707	211
708	290
709	278
709	294
709	340
709	646
709	657
709	665
710	166
710	464
711	171
711	375
713	232
713	295
714	3
714	614
714	649
714	719
715	535
715	770
717	475
717	547
717	566
718	490
718	532
718	795
720	352
720	541
721	397
721	728
724	101
725	77
726	368
726	695
727	774
728	497
728	526
729	675
730	126
732	304
733	241
733	517
733	654
734	82
735	346
736	131
737	424
737	525
738	254
739	448
739	512
740	601
740	639
740	682
741	127
742	363
743	578
743	799
744	110
744	419
744	430
744	547
745	244
746	597
747	53
747	296
747	430
748	706
749	524
751	427
751	646
752	69
753	25
753	606
755	147
756	641
759	780
761	139
761	381
762	179
763	720
764	603
764	778
765	165
766	28
768	389
770	280
770	783
771	71
772	204
773	290
773	377
774	252
775	540
776	753
777	41
777	47
777	164
777	267
777	544
777	682
778	794
780	102
780	621
781	178
784	394
785	599
785	751
786	141
786	384
786	563
786	735
787	326
787	405
787	497
787	513
787	683
789	555
791	96
792	267
792	271
792	323
792	460
793	411
793	432
794	699
795	620
796	27
796	130
797	266
798	491
799	471
-----------
0	553
1	481
2	43
2	66
4	34
4	54
4	128
4	630
6	504
7	276
8	342
8	790
9	11
9	56
10	97
11	96
12	369
13	746
14	101
14	619
15	265
16	545
16	725
17	285
17	661
19	108
19	193
19	344
19	683
19	763
21	373
22	505
23	422
24	324
24	417
25	8
25	134
26	165
26	209
26	450
26	564
28	528
29	41
30	430
30	583
30	687
31	688
32	432
32	571
32	706
35	431
35	534
35	567
36	110
36	630
38	529
39	100
39	132
40	307
40	643
40	736
42	573
43	687
44	429
45	582
45	650
46	316
48	229
49	68
49	160
50	65
50	435
50	674
50	765
51	289
51	428
52	404
52	697
53	133
53	476
54	209
55	70
55	265
55	585
56	703
56	712
56	721
57	413
57	639
58	680
59	16
59	54
59	402
59	503
59	603
60	188
61	251
61	436
62	210
64	43
65	421
67	11
68	746
69	470
70	708
71	151
72	27
72	478
74	411
75	32
75	560
76	147
76	578
78	374
81	102
82	321
82	616
83	708
84	305
84	631
84	748
84	769
85	149
85	341
86	336
86	338
86	686
87	512
87	764
88	183
88	231
88	463
89	122
89	220
89	479
89	664
90	285
90	397
90	555
91	226
92	493
92	629
93	59
94	728
97	11
97	133
97	662
97	713
98	155
98	176
99	196
99	431
99	717
100	123
100	255
100	314
100	744
102	278
103	375
103	501
104	224
105	237
106	36
106	677
107	782
108	783
109	64
110	21
111	715
112	51
112	340
112	590
113	760
114	607
117	411
118	525
118	635
119	240
119	477
120	76
120	291
121	253
121	594
122	494
125	8
125	297
125	658
126	126
126	510
127	394
127	674
127	797
128	112
128	392
131	102
131	149
131	391
131	407
131	432
131	787
132	108
132	453
133	707
133	712
134	154
134	625
134	762
135	52
135	426
136	624
139	777
140	645
141	143
141	178
141	288
142	68
142	244
142	379
145	474
145	481
145	490
145	624
147	151
147	517
147	771
148	46
148	619
149	70
150	328
151	202
151	771
153	181
153	424
155	41
155	119
155	477
156	384
157	793
158	193
158	424
158	602
158	760
159	258
160	114
160	148
160	355
160	699
161	322
162	598
164	42
164	333
165	274
166	112
166	115
166	574
167	531
167	698
168	147
168	297
169	468
170	73
170	589
171	64
171	351
171	662
172	128
172	460
174	18
174	324
174	447
176	52
176	306
177	324
178	439
179	39
179	623
181	322
181	350
181	510
182	13
184	331
185	496
186	207
186	346
186	471
187	88
188	659
189	193
189	430
190	790
191	251
192	686
193	276
194	63
195	597
196	380
196	464
196	770
197	652
198	393
199	504
201	139
201	510
203	162
203	705
204	585
205	67
205	249
205	362
205	670
206	683
207	136
207	510
208	89
208	144
211	455
212	71
212	225
212	448
212	722
213	351
213	728
214	411
214	502
216	39
216	75
216	100
216	606
217	771
218	291
220	97
221	8
221	476
221	748
222	10
222	387
222	532
223	79
223	327
224	201
225	177
225	419
226	269
226	364
226	740
227	749
228	497
229	335
229	641
231	288
231	511
232	380
233	449
234	676
235	315
235	681
236	226
237	41
237	146
237	716
238	337
238	340
239	458
240	541
240	751
243	64
243	249
243	346
244	689
245	671
247	73
247	204
247	574
249	609
250	45
250	201
250	417
250	600
251	2
252	213
252	734
254	725
254	738
256	326
257	384
258	87
258	248
259	10
259	579
260	446
261	358
261	461
263	72
263	129
264	99
265	174
265	437
266	49
266	554
267	74
267	116
267	271
268	100
268	447
269	456
270	207
270	670
271	161
271	190
272	296
273	10
273	568
273	582
273	740
274	17
275	266
276	465
277	331
277	346
278	554
278	587
279	84
279	380
279	633
280	91
280	593
280	709
281	205
282	18
282	190
282	232
282	522
282	632
283	233
283	322
283	476
283	699
285	773
287	178
287	225
288	721
288	731
289	32
290	721
291	17
292	2
292	385
293	414
293	533
294	729
295	52
295	395
295	557
295	615
295	665
296	328
296	356
297	230
298	70
299	736
302	67
302	580
302	586
302	760
303	714
305	183
305	600
306	59
307	390
307	594
307	635
308	731
309	174
309	692
310	32
310	455
310	517
310	538
313	184
313	381
313	451
314	132
314	156
314	198
315	255
315	298
315	489
317	485
319	220
319	313
319	339
319	640
320	342
321	28
321	660
321	715
323	187
323	465
324	447
324	469
324	564
324	629
325	52
325	556
325	569
325	752
326	267
326	272
328	558
329	133
329	601
330	557
330	668
330	774
331	88
332	265
333	83
333	502
333	526
333	781
335	156
336	183
336	773
338	40
339	467
340	143
340	175
340	306
340	333
340	395
340	584
341	445
341	559
342	277
342	663
342	795
343	432
343	497
344	657
344	763
345	563
346	64
346	165
347	415
348	161
349	252
349	372
349	427
350	45
350	78
351	635
352	60
352	566
355	424
355	561
357	71
358	735
359	89
359	235
359	482
360	151
360	523
360	702
360	744
361	456
363	373
363	755
365	36
365	226
365	676
366	379
371	659
371	765
372	39
372	48
373	164
375	244
375	762
377	46
377	127
380	516
381	267
381	414
382	755
383	104
383	180
384	429
384	533
384	784
385	293
386	26
386	544
386	734
387	496
389	274
389	495
389	788
390	436
390	658
391	772
394	424
395	56
395	228
395	712
395	741
396	172
396	185
397	326
397	671
398	94
398	117
398	256
398	357
400	242
400	338
400	375
401	292
401	645
402	517
403	746
404	321
404	384
404	619
405	92
405	462
405	663
405	744
406	25
406	385
406	570
407	88
407	228
407	450
407	473
408	375
408	547
412	79
412	209
413	101
413	231
413	297
414	368
414	651
416	157
416	248
416	291
416	349
416	478
417	48
417	401
418	173
419	54
419	187
419	426
420	447
420	471
420	545
420	734
422	357
422	376
423	359
424	188
425	239
425	458
426	220
426	419
427	124
427	677
428	276
428	439
428	585
429	153
429	727
432	720
433	554
433	732
434	640
435	243
435	624
437	568
437	589
437	756
438	625
439	151
439	567
439	775
440	484
441	317
441	369
441	603
443	177
444	558
445	357
445	700
446	73
447	87
448	427
448	542
448	762
449	19
449	45
449	332
449	396
449	460
450	228
450	747
451	10
451	443
451	589
452	45
452	156
453	433
455	743
456	171
456	658
456	751
457	149
457	631
459	23
460	341
461	283
461	491
461	635
462	179
462	375
462	664
463	535
463	623
463	718
463	774
465	673
466	533
466	659
466	745
467	11
467	212
467	288
467	338
467	470
467	633
468	121
468	594
472	175
472	693
473	487
474	18
474	340
474	661
475	126
475	240
475	367
475	742
475	766
477	516
478	373
482	421
482	655
482	735
482	794
483	555
484	94
484	751
485	98
485	338
485	345
485	772
486	153
487	2
487	319
487	551
489	370
489	564
492	368
493	18
494	315
495	587
496	607
497	555
498	321
499	126
499	596
500	519
501	310
501	501
501	637
502	501
502	774
503	764
504	109
504	390
505	442
505	782
506	505
506	524
507	323
508	459
509	286
509	442
509	604
510	495
512	141
512	156
512	478
513	129
514	250
514	727
515	173
515	246
515	418
515	749
516	340
516	651
517	316
518	415
519	789
521	248
522	251
523	621
525	418
525	764
526	486
527	472
528	401
529	604
530	372
531	683
532	3
532	454
533	463
533	767
535	73
536	233
536	328
536	798
538	512
538	667
538	743
539	271
539	445
541	42
541	471
541	596
541	705
542	128
543	197
544	583
546	150
547	34
549	587
550	91
551	599
552	57
552	194
552	424
554	280
554	356
557	563
558	350
559	409
561	54
563	416
563	449
564	468
564	688
564	781
566	60
567	16
567	244
567	632
568	71
568	554
569	181
569	675
570	331
570	634
573	421
574	58
575	748
576	64
577	207
578	305
578	668
578	712
579	448
581	130
582	83
582	620
583	310
583	768
585	298
586	54
586	81
586	187
586	374
587	691
588	749
588	781
589	245
589	379
589	678
589	696
590	510
591	156
593	449
593	705
593	770
593	792
595	215
595	448
595	796
596	329
597	125
598	563
598	774
599	205
599	388
599	666
599	732
600	478
600	569
600	677
601	160
601	214
601	414
602	287
602	760
604	224
605	365
605	663
606	723
606	727
608	18
608	450
608	640
608	768
609	427
610	593
611	404
612	152
612	176
614	397
614	463
614	569
615	757
616	112
616	166
617	114
617	376
618	79
618	702
623	34
623	344
623	488
623	519
624	345
626	35
626	488
626	740
627	181
629	25
629	37
630	333
631	748
632	18
632	21
632	337
632	541
633	302
633	470
633	542
635	34
635	320
635	693
636	341
637	4
637	350
637	678
639	660
641	361
641	781
642	619
643	476
643	567
643	755
644	798
645	274
646	216
646	304
646	535
647	39
648	796
650	582
650	711
651	97
651	349
651	405
651	667
652	152
654	79
654	733
655	314
655	547
656	326
659	558
659	700
661	608
662	271
662	277
663	372
663	585
664	334
665	575
668	296
669	241
669	549
669	793
670	135
671	72
671	468
671	669
671	692
672	571
673	259
673	399
673	579
676	255
677	84
677	295
677	443
677	615
678	58
678	696
679	196
680	254
680	745
680	784
681	615
682	406
682	544
685	5
686	789
687	87
688	299
689	238
689	776
691	224
692	154
693	60
693	489
693	610
696	250
696	397
697	197
697	232
697	362
697	464
698	790
699	23
699	90
699	154
699	331
700	675
702	558
705	206
706	343
706	377
706	711
707	50
707	211
708	290
709	247
709	294
709	589
709	646
709	657
709	665
710	166
710	464
711	171
711	375
713	232
713	295
714	3
714	614
714	649
714	719
715	102
715	535
717	475
717	547
717	566
718	490
718	532
718	795
720	161
720	352
721	397
721	728
724	101
725	77
726	370
726	695
727	774
728	447
728	497
729	555
730	119
732	304
733	241
733	427
733	654
734	82
735	346
736	131
737	424
737	525
738	254
739	448
739	512
740	25
740	601
740	682
741	520
742	363
743	578
743	799
744	110
744	419
744	430
744	547
745	244
746	572
747	53
747	430
747	658
748	706
749	524
751	427
751	646
752	69
753	606
753	636
755	147
756	641
759	780
761	139
761	381
762	179
763	423
764	255
764	778
765	165
766	28
768	389
770	280
770	783
771	71
772	204
773	290
773	377
774	310
775	540
776	753
777	41
777	47
777	164
777	309
777	544
777	682
778	794
780	621
780	667
781	178
784	394
785	599
785	751
786	141
786	384
786	622
786	746
787	405
787	436
787	513
787	601
787	683
789	63
791	96
792	267
792	271
792	323
792	460
793	305
793	570
794	699
795	620
796	27
796	130
797	624
798	491
799	471
-----------
0	553
1	372
2	333
2	585
4	34
4	128
4	328
4	630
6	114
7	276
8	28
8	42
9	89
9	205
10	97
11	765
12	115
13	40
14	528
14	619
15	727
16	545
16	725
17	285
17	661
19	39
19	83
19	344
19	623
19	763
21	373
22	505
23	422
24	271
24	324
25	297
25	350
26	165
26	209
26	277
26	450
28	668
29	41
30	430
30	538
30	687
31	764
32	108
32	607
32	706
35	431
35	534
35	567
36	32
36	630
38	529
39	100
39	316
40	204
40	713
40	727
42	464
43	687
44	429
45	582
45	650
46	556
48	229
49	160
49	572
50	305
50	689
50	716
50	755
51	289
51	428
52	316
52	697
53	133
53	476
54	209
55	43
55	265
55	431
56	589
56	703
56	712
57	413
57	636
58	771
59	16
59	54
59	250
59	402
59	768
60	188
61	39
61	751
62	26
64	37
65	288
67	11
68	746
69	470
70	708
71	151
72	27
72	478
74	272
75	32
75	789
76	478
76	578
78	374
81	436
82	390
82	616
83	708
84	631
84	660
84	748
84	769
85	156
85	341
86	156
86	336
86	619
87	172
87	512
88	463
88	677
88	736
89	220
89	340
89	489
89	664
90	397
90	520
90	555
91	251
92	250
92	340
93	59
94	728
97	11
97	376
97	397
97	662
98	575
98	608
99	196
99	269
99	635
100	123
100	255
100	322
100	744
102	177
103	375
103	501
104	224
105	365
106	36
106	677
107	782
108	547
109	64
110	21
111	715
112	247
112	424
112	542
113	136
114	607
117	659
118	525
118	635
119	240
119	621
120	76
120	291
121	253
121	594
122	494
125	297
125	504
125	658
126	421
126	510
127	394
127	674
127	797
128	112
128	427
131	455
131	468
131	598
131	659
131	667
131	787
132	108
132	453
133	622
133	707
134	154
134	625
134	762
135	52
135	293
136	624
139	777
140	645
141	143
141	395
141	532
142	56
142	161
142	658
145	70
145	474
145	481
145	624
147	151
147	517
147	771
148	46
148	238
149	465
150	328
151	202
151	771
153	181
153	225
155	41
155	119
155	477
156	384
157	419
158	193
158	424
158	602
158	760
159	258
160	161
160	176
160	288
160	699
161	314
162	391
164	240
164	790
165	213
166	97
166	112
166	574
167	16
167	531
168	147
168	297
169	407
170	73
170	589
171	64
171	351
171	662
172	220
172	460
174	18
174	324
174	447
176	306
176	674
177	277
178	774
179	133
179	571
181	322
181	350
181	510
182	13
184	331
185	419
186	207
186	346
186	547
187	43
188	65
189	193
189	430
190	790
191	18
192	45
193	349
194	487
195	68
196	211
196	286
196	449
197	652
198	393
199	8
201	139
201	510
203	299
203	322
204	585
205	249
205	362
205	670
205	734
206	484
207	373
207	449
208	89
208	144
211	149
212	178
212	274
212	448
212	722
213	2
213	274
214	315
214	502
216	39
216	100
216	174
216	606
217	680
218	64
220	332
221	19
221	476
221	748
222	387
222	424
222	755
223	79
223	327
224	201
225	67
225	793
226	87
226	364
226	395
227	749
228	436
229	335
229	641
231	355
231	511
232	796
233	449
234	676
235	593
235	783
236	226
237	52
237	146
237	231
238	479
238	601
239	458
240	254
240	541
243	64
243	249
243	346
244	731
245	671
247	110
247	574
247	643
249	609
250	45
250	104
250	417
250	491
251	2
252	555
252	721
254	738
254	748
256	601
257	384
258	248
258	790
259	579
259	781
260	446
261	156
261	461
263	129
263	310
264	683
265	75
265	772
266	49
266	554
267	74
267	417
267	471
268	100
268	447
269	456
270	375
270	429
271	161
271	740
272	296
273	10
273	117
273	582
273	740
274	17
275	624
276	70
277	271
277	331
278	532
278	554
279	267
279	380
279	633
280	91
280	131
280	709
281	58
282	18
282	102
282	190
282	232
282	632
283	331
283	476
283	699
283	705
285	773
287	178
287	225
288	368
288	721
289	558
290	405
291	181
292	2
292	385
293	414
293	533
294	567
295	557
295	615
295	669
295	717
295	764
296	54
296	356
297	230
298	70
299	736
302	67
302	244
302	326
302	586
303	714
305	183
305	600
306	59
307	594
307	635
307	651
308	435
309	174
309	692
310	399
310	427
310	583
310	596
313	184
313	381
313	519
314	132
314	198
314	564
315	101
315	122
315	298
317	102
319	128
319	313
319	640
319	734
320	342
321	305
321	342
321	705
323	187
323	465
324	356
324	447
324	629
324	670
325	52
325	310
325	569
325	752
326	570
326	585
328	433
329	133
329	337
330	585
330	668
330	774
331	126
332	265
333	83
333	298
333	502
333	781
335	197
336	183
336	773
338	746
339	147
340	143
340	175
340	280
340	306
340	421
340	658
341	445
341	559
342	156
342	663
342	795
343	432
343	497
344	657
344	763
345	554
346	64
346	165
347	415
348	114
349	372
349	404
349	455
350	45
350	78
351	635
352	60
352	566
355	561
355	587
357	71
358	10
359	482
359	615
359	749
360	110
360	151
360	702
360	744
361	148
363	109
363	176
365	331
365	526
365	765
366	388
371	132
371	659
372	39
372	522
373	164
375	244
375	762
377	46
377	516
380	477
381	84
381	414
382	63
383	649
383	711
384	390
384	533
384	677
385	426
386	210
386	254
386	625
387	496
389	8
389	495
389	728
390	436
390	658
391	772
394	798
395	34
395	56
395	228
395	712
396	185
396	688
397	326
397	671
398	94
398	256
398	357
398	568
400	242
400	338
400	375
401	79
401	319
402	469
403	746
404	321
404	384
404	619
405	92
405	587
405	663
405	744
406	79
406	392
406	570
407	88
407	228
407	450
407	473
408	116
408	375
412	209
412	691
413	41
413	134
413	481
414	147
414	651
416	157
416	248
416	349
416	478
416	767
417	48
417	519
418	173
419	54
419	187
419	510
420	233
420	373
420	447
420	545
422	357
422	792
423	359
424	188
425	239
425	458
426	379
426	471
427	124
427	784
428	276
428	309
428	439
429	153
429	307
432	654
433	48
433	732
434	640
435	243
435	624
437	568
437	589
437	756
438	733
439	151
439	244
439	660
440	683
441	255
441	317
441	369
443	177
444	558
445	357
445	700
446	73
447	740
448	51
448	155
448	427
449	18
449	97
449	396
449	460
449	686
450	228
450	564
451	10
451	443
451	589
452	11
452	45
453	558
455	743
456	171
456	584
456	751
457	149
457	631
459	66
460	341
461	283
461	490
461	600
462	285
462	295
462	760
463	623
463	676
463	718
463	774
465	302
466	411
466	533
466	745
467	82
467	288
467	338
467	470
467	633
467	686
468	121
468	594
472	175
472	693
473	755
474	96
474	150
474	340
475	126
475	165
475	287
475	367
475	742
477	323
478	734
482	421
482	655
482	735
482	794
483	485
484	94
484	667
485	98
485	224
485	437
485	516
486	153
487	351
487	551
487	645
489	370
489	590
492	370
493	781
494	788
495	587
496	432
497	63
498	207
499	32
499	119
500	451
501	72
501	201
501	501
502	501
502	774
503	764
504	380
504	381
505	442
505	610
506	505
506	524
507	338
508	459
509	424
509	442
509	604
510	495
512	8
512	141
512	368
513	23
514	265
514	629
515	173
515	235
515	291
515	418
516	340
516	523
517	741
518	715
519	87
521	471
522	190
523	621
525	216
525	418
526	486
527	472
528	401
529	232
530	321
531	683
532	3
532	454
533	291
533	463
535	389
536	54
536	251
536	747
538	278
538	328
538	743
539	271
539	445
541	42
541	471
541	596
541	705
542	128
543	156
544	315
546	661
547	34
549	569
550	729
551	599
552	57
552	194
552	274
554	280
554	564
557	563
558	350
559	409
561	17
563	416
563	464
564	183
564	397
564	468
566	60
567	231
567	504
567	580
568	71
568	554
569	248
569	555
570	36
570	634
573	375
574	58
575	725
576	246
577	101
578	305
578	604
578	712
579	339
581	130
582	193
582	620
583	101
583	310
585	447
586	81
586	187
586	226
586	374
587	385
588	749
588	781
589	379
589	535
589	678
589	696
590	426
591	358
593	415
593	632
593	760
593	770
595	215
595	448
595	796
596	329
597	125
598	439
598	563
599	205
599	220
599	666
599	732
600	478
600	569
600	665
601	160
601	214
601	414
602	333
602	760
604	345
605	237
605	663
606	721
606	727
608	251
608	411
608	603
608	640
609	427
610	593
611	404
612	152
612	510
614	126
614	397
614	462
615	757
616	112
616	166
617	512
617	698
618	292
618	702
623	34
623	88
623	344
623	488
624	345
626	35
626	326
626	488
627	149
629	25
629	401
630	333
631	748
632	11
632	18
632	21
632	775
633	10
633	470
633	549
635	320
635	338
635	693
636	341
637	4
637	181
637	678
639	567
641	18
641	361
642	54
643	91
643	476
643	746
644	798
645	71
646	304
646	535
646	542
647	683
648	380
650	582
650	711
651	276
651	369
651	667
651	723
652	152
654	79
654	544
655	314
655	681
656	664
659	700
659	751
661	456
662	324
662	346
663	372
663	557
664	334
665	688
668	379
669	241
669	673
669	793
670	135
671	52
671	72
671	468
671	692
672	571
673	25
673	259
673	579
676	255
677	84
677	295
677	443
677	615
678	450
678	696
679	196
680	448
680	745
680	784
681	68
682	406
682	544
685	5
686	789
687	560
688	162
689	619
689	776
691	224
692	154
693	60
693	489
693	782
696	304
696	794
697	197
697	255
697	362
697	573
698	423
699	23
699	90
699	154
699	233
700	675
702	558
705	206
706	343
706	377
706	424
707	50
707	207
708	290
709	294
709	376
709	493
709	646
709	657
709	665
710	166
710	464
711	171
711	517
713	232
713	321
714	3
714	180
714	614
714	719
715	535
715	770
717	475
717	547
717	566
718	490
718	637
718	795
720	352
720	541
721	712
721	728
724	768
725	77
726	695
726	731
727	774
728	245
728	497
729	675
730	88
732	762
733	129
733	241
733	517
734	212
735	346
736	583
737	424
737	525
738	463
739	448
739	512
740	601
740	639
740	682
741	127
742	363
743	578
743	799
744	73
744	430
744	496
744	547
745	244
746	597
747	53
747	296
747	430
748	706
749	524
751	427
751	646
752	69
753	25
753	606
755	467
756	641
759	780
761	139
761	226
762	179
763	720
764	603
764	778
765	766
766	28
768	73
770	87
770	783
771	71
772	204
773	290
773	377
774	252
775	540
776	753
777	41
777	47
777	164
777	267
777	544
777	682
778	503
780	102
780	179
781	178
784	394
785	599
785	751
786	141
786	384
786	563
786	735
787	99
787	337
787	405
787	497
787	513
789	555
791	96
792	267
792	271
792	323
792	460
793	411
793	432
794	699
795	620
796	27
796	130
797	266
798	491
799	419
-----------
0	553
1	101
2	43
2	66
4	110
4	128
4	306
4	557
6	504
7	776
8	28
8	790
9	89
9	337
10	97
11	765
12	115
13	40
14	379
14	619
15	265
16	545
16	725
17	285
17	661
19	39
19	83
19	108
19	344
19	763
21	373
22	505
23	422
24	271
24	643
25	96
25	156
26	165
26	209
26	450
26	564
28	231
29	149
30	430
30	583
30	687
31	764
32	432
32	571
32	706
35	431
35	534
35	567
36	119
36	564
38	529
39	100
39	699
40	727
40	735
40	736
42	464
43	798
44	429
45	582
45	650
46	556
48	229
49	160
49	744
50	65
50	689
50	716
50	790
51	289
51	428
52	283
52	697
53	365
53	476
54	209
55	70
55	238
55	585
56	63
56	703
56	712
57	413
57	636
58	771
59	16
59	54
59	402
59	503
59	603
60	188
61	39
61	251
62	321
64	37
65	288
67	456
68	251
69	470
70	708
71	151
72	139
72	478
74	255
75	560
75	615
76	128
76	147
78	374
81	102
82	523
82	616
83	404
84	324
84	631
84	748
84	769
85	341
85	350
86	226
86	336
86	686
87	172
87	385
88	215
88	266
88	677
89	220
89	476
89	479
89	664
90	397
90	520
90	555
91	338
92	250
92	493
93	59
94	728
97	11
97	133
97	376
97	662
98	155
98	608
99	196
99	356
99	431
100	123
100	272
100	314
100	744
102	589
103	375
103	501
104	224
105	133
106	36
106	677
107	782
108	783
109	64
110	21
111	715
112	247
112	590
112	635
113	265
114	658
117	745
118	525
118	635
119	179
119	240
120	147
120	522
121	253
121	594
122	494
125	297
125	504
125	607
126	321
126	510
127	394
127	674
127	797
128	112
128	164
131	149
131	305
131	468
131	598
131	667
131	787
132	108
132	453
133	707
133	712
134	154
134	625
134	762
135	90
135	426
136	624
139	777
140	645
141	178
141	421
141	728
142	161
142	533
142	658
145	474
145	481
145	490
145	624
147	151
147	517
147	771
148	46
148	666
149	465
150	328
151	405
151	771
153	181
153	424
155	41
155	119
155	477
156	384
157	675
158	193
158	602
158	623
158	760
159	746
160	43
160	148
160	161
160	699
161	558
162	391
164	240
164	569
165	102
166	97
166	112
166	574
167	531
167	698
168	147
168	207
169	248
170	73
170	589
171	64
171	351
171	662
172	460
172	578
174	18
174	324
174	447
176	337
176	389
177	324
178	774
179	39
179	171
181	322
181	350
181	510
182	13
184	277
185	496
186	3
186	49
186	88
187	355
188	659
189	193
189	357
190	765
191	96
192	45
193	276
194	751
195	68
196	286
196	449
196	755
197	652
198	393
199	8
201	232
201	510
203	558
203	705
204	298
205	78
205	249
205	362
205	670
206	473
207	373
207	760
208	89
208	144
211	455
212	71
212	225
212	448
212	722
213	34
213	351
214	411
214	502
216	39
216	100
216	174
216	606
217	680
218	291
220	738
221	274
221	476
221	748
222	10
222	387
222	424
223	79
223	327
224	201
225	67
225	516
226	64
226	269
226	663
227	749
228	436
229	335
229	641
231	188
231	511
232	574
233	528
234	676
235	593
235	681
236	226
237	146
237	668
237	702
238	340
238	601
239	458
240	487
240	541
243	64
243	249
243	346
244	731
245	671
247	204
247	380
247	668
249	497
250	45
250	417
250	468
250	600
251	625
252	555
252	721
254	332
254	725
256	601
257	384
258	407
258	790
259	579
259	781
260	446
261	156
261	461
263	423
263	683
264	99
265	75
265	772
266	554
266	604
267	74
267	116
267	417
268	100
268	447
269	456
270	297
270	469
271	161
271	280
272	606
273	10
273	683
273	740
273	793
274	17
275	624
276	70
277	271
277	331
278	532
278	554
279	84
279	380
279	633
280	91
280	315
280	709
281	205
282	18
282	76
282	190
282	232
282	632
283	34
283	233
283	288
283	322
285	773
287	178
287	225
288	721
288	731
289	463
290	721
291	17
292	2
292	512
293	274
293	414
294	729
295	46
295	557
295	615
295	669
295	764
296	380
296	395
297	10
298	70
299	331
302	67
302	244
302	674
302	760
303	714
305	122
305	600
306	59
307	214
307	542
307	594
308	435
309	491
309	692
310	32
310	276
310	538
310	784
313	381
313	519
313	773
314	150
314	156
314	198
315	57
315	255
315	298
317	596
319	313
319	634
319	640
319	734
320	342
321	342
321	501
321	715
323	187
323	465
324	356
324	377
324	447
324	629
325	52
325	316
325	569
325	752
326	570
326	717
328	558
329	133
329	424
330	73
330	510
330	621
331	505
332	265
333	83
333	502
333	585
333	781
335	156
336	183
336	184
338	746
339	334
340	143
340	175
340	306
340	333
340	395
340	658
341	445
341	559
342	11
342	255
342	663
343	432
343	630
344	657
344	763
345	554
346	64
346	165
347	343
348	114
349	310
349	372
349	455
350	45
350	734
351	635
352	60
352	566
355	587
355	755
357	71
358	746
359	32
359	432
359	482
360	52
360	110
360	151
360	572
361	323
363	510
363	516
365	226
365	245
365	331
366	442
371	251
371	659
372	48
372	436
373	663
375	164
375	244
377	585
377	755
380	477
381	267
381	414
382	429
383	180
383	637
384	390
384	427
384	533
385	293
386	254
386	271
386	544
387	711
389	19
389	495
389	728
390	436
390	658
391	772
394	424
395	56
395	228
395	712
395	741
396	185
396	620
397	326
397	671
398	94
398	256
398	357
398	568
400	242
400	338
400	375
401	319
401	624
402	517
403	746
404	321
404	384
404	619
405	92
405	462
405	740
405	744
406	79
406	392
406	570
407	117
407	228
407	450
407	471
408	375
408	547
412	193
412	209
413	41
413	134
413	481
414	368
414	651
416	157
416	248
416	291
416	349
416	478
417	136
417	519
418	173
419	54
419	187
419	774
420	181
420	372
420	373
420	545
422	357
422	632
423	359
424	288
425	239
425	458
426	379
426	693
427	124
427	532
428	25
428	309
428	439
429	153
429	307
432	72
433	622
433	732
434	640
435	27
435	243
437	345
437	568
437	589
438	2
439	340
439	567
439	747
440	484
441	317
441	415
441	736
443	177
444	299
445	430
445	700
446	73
447	87
448	51
448	603
448	762
449	97
449	207
449	396
449	460
449	686
450	228
450	244
451	230
451	443
451	589
452	45
452	183
453	433
455	743
456	584
456	623
456	751
457	41
457	631
459	23
460	341
461	174
461	635
461	708
462	79
462	375
462	664
463	424
463	676
463	718
463	774
465	549
466	56
466	411
466	659
467	11
467	212
467	338
467	470
467	476
467	633
468	121
468	594
472	175
472	693
473	132
474	151
474	292
474	661
475	126
475	333
475	367
475	742
475	766
477	419
478	734
482	305
482	421
482	655
482	794
483	485
484	94
484	667
485	98
485	224
485	338
485	437
486	153
487	2
487	645
487	774
489	370
489	564
492	370
493	18
494	788
495	587
496	77
497	177
498	18
499	32
499	213
500	451
501	201
501	310
501	501
502	660
502	774
503	764
504	54
504	604
505	220
505	782
506	165
506	688
507	176
508	459
509	109
509	442
509	586
510	495
512	8
512	141
512	478
513	87
514	629
514	727
515	173
515	235
515	364
515	418
516	340
516	390
517	795
518	415
519	87
521	316
522	190
523	585
525	216
525	418
526	486
527	472
528	26
529	101
530	210
531	683
532	207
532	454
533	463
533	767
535	73
536	233
536	687
536	751
538	376
538	468
538	743
539	401
539	445
541	42
541	397
541	471
541	675
542	128
543	197
544	583
546	63
547	34
549	587
550	567
551	314
552	194
552	489
552	533
554	488
554	740
557	563
558	350
559	409
561	54
563	416
563	464
564	104
564	575
564	665
566	60
567	16
567	580
567	793
568	71
568	554
569	471
569	555
570	36
570	220
573	421
574	129
575	748
576	246
577	372
578	305
578	449
578	712
579	187
581	130
582	385
582	620
583	310
583	768
585	447
586	54
586	81
586	339
586	374
587	691
588	749
588	781
589	379
589	535
589	678
589	696
590	426
591	358
593	290
593	449
593	705
593	792
595	448
595	713
595	796
596	329
597	125
598	439
598	678
599	48
599	205
599	388
599	732
600	183
600	478
600	569
601	160
601	414
601	651
602	287
602	760
604	345
605	237
605	762
606	3
606	727
608	315
608	450
608	640
608	768
609	427
610	593
611	404
612	176
612	406
614	42
614	126
614	397
615	757
616	112
616	166
617	114
617	512
618	18
618	702
623	34
623	88
623	344
623	609
624	756
626	35
626	58
626	488
627	149
629	25
629	720
630	333
631	748
632	11
632	18
632	143
632	775
633	10
633	302
633	470
635	132
635	252
635	320
636	341
637	4
637	181
637	563
639	660
641	361
641	781
642	619
643	91
643	384
643	561
644	798
645	274
646	304
646	535
646	542
647	129
648	796
650	496
650	582
651	349
651	369
651	405
651	667
652	152
654	79
654	733
655	547
655	599
656	326
659	558
659	700
661	248
662	277
662	346
663	291
663	447
664	467
665	688
668	346
669	231
669	241
669	673
670	135
671	52
671	72
671	328
671	692
672	571
673	259
673	399
673	579
676	255
677	84
677	295
677	443
677	615
678	489
678	696
679	196
680	448
680	745
680	784
681	68
682	152
682	544
685	5
686	789
687	789
688	162
689	276
689	619
691	224
692	197
693	60
693	258
693	610
696	250
696	705
697	154
697	232
697	362
697	573
698	52
699	23
699	58
699	154
699	331
700	599
702	322
705	206
706	369
706	377
706	711
707	50
707	211
708	770
709	278
709	294
709	340
709	646
709	657
709	665
710	166
710	464
711	171
711	541
713	139
713	295
714	47
714	614
714	649
714	723
715	535
715	770
717	475
717	547
717	566
718	490
718	677
718	795
720	241
720	352
721	156
721	397
724	101
725	607
726	368
726	695
727	551
728	497
728	526
729	596
730	126
732	304
733	375
733	517
733	654
734	82
735	346
736	131
737	424
737	525
738	254
739	448
739	512
740	601
740	639
740	682
741	127
742	363
743	578
743	799
744	419
744	430
744	547
744	630
745	244
746	597
747	53
747	296
747	430
748	706
749	524
751	427
751	646
752	69
753	25
753	296
755	328
756	641
759	780
761	285
761	381
762	179
763	401
764	427
764	778
765	88
766	28
768	8
770	280
770	783
771	71
772	204
773	290
773	670
774	419
775	540
776	753
777	41
777	267
777	427
777	544
777	682
777	719
778	794
780	102
780	621
781	178
784	394
785	582
785	751
786	21
786	141
786	563
786	735
787	202
787	326
787	497
787	513
787	683
789	555
791	297
792	267
792	271
792	323
792	460
793	411
793	749
794	699
795	524
796	27
796	130
797	463
798	491
799	471
-----------
0	345
1	11
2	43
2	66
4	34
4	128
4	328
4	630
6	504
7	313
8	28
8	790
9	89
9	702
10	97
11	765
12	115
13	40
14	604
14	619
15	448
16	545
16	725
17	285
17	661
19	39
19	108
19	344
19	469
19	763
21	373
22	19
23	422
24	70
24	271
25	156
25	297
26	165
26	450
26	564
26	740
28	668
29	41
30	430
30	583
30	687
31	183
32	432
32	516
32	571
35	28
35	534
35	567
36	224
36	630
38	529
39	34
39	100
40	448
40	643
40	727
42	464
43	687
44	429
45	582
45	650
46	556
48	572
49	160
49	229
50	65
50	610
50	689
50	765
51	289
51	428
52	404
52	697
53	133
53	476
54	209
55	127
55	585
55	640
56	177
56	703
56	712
57	413
57	636
58	771
59	2
59	16
59	54
59	402
59	472
60	188
61	39
61	251
62	421
64	597
65	288
67	11
68	87
69	470
70	708
71	151
72	27
72	478
74	272
75	32
75	560
76	147
76	578
78	374
81	102
82	523
82	616
83	708
84	305
84	631
84	748
84	769
85	350
85	567
86	226
86	336
86	510
87	172
87	512
88	305
88	463
88	713
89	122
89	175
89	220
89	479
90	397
90	555
90	715
91	338
92	250
92	502
93	447
94	728
97	11
97	133
97	376
97	662
98	155
98	608
99	196
99	395
99	431
100	255
100	314
100	419
100	744
102	589
103	8
103	375
104	224
105	365
106	36
106	671
107	782
108	783
109	64
110	21
111	3
112	247
112	542
112	590
113	338
114	607
117	411
118	525
118	635
119	179
119	240
120	76
120	291
121	547
121	594
122	675
125	297
125	504
125	658
126	321
126	510
127	394
127	674
127	797
128	112
128	291
131	149
131	185
131	446
131	468
131	598
131	787
132	108
132	288
133	707
133	712
134	154
134	625
134	762
135	426
135	715
136	624
139	777
140	645
141	421
141	676
141	678
142	161
142	658
142	721
145	339
145	474
145	490
145	624
147	151
147	517
147	771
148	46
148	238
149	465
150	328
151	202
151	771
153	181
153	424
155	119
155	436
155	477
156	384
157	793
158	193
158	424
158	602
158	760
159	258
160	68
160	148
160	355
160	699
161	322
162	13
164	42
164	240
165	102
166	97
166	112
166	574
167	531
167	698
168	147
168	297
169	407
170	73
170	651
171	64
171	662
171	669
172	128
172	460
174	130
174	324
174	447
176	296
176	674
177	132
178	774
179	39
179	623
181	59
181	350
181	510
182	391
184	331
185	484
186	471
186	601
186	660
187	43
188	659
189	193
189	430
190	764
191	96
192	664
193	302
194	487
195	651
196	286
196	429
196	449
197	549
198	393
199	150
201	48
201	686
203	84
203	705
204	512
205	249
205	362
205	670
205	734
206	683
207	373
207	760
208	27
208	89
211	455
212	71
212	404
212	448
212	722
213	274
213	351
214	411
214	493
216	39
216	100
216	503
216	532
217	680
218	427
220	332
221	8
221	58
221	748
222	10
222	424
222	439
223	79
223	664
224	201
225	67
225	123
226	269
226	364
226	445
227	749
228	41
229	445
229	641
231	511
231	746
232	380
233	519
234	676
235	593
235	681
236	665
237	52
237	129
237	670
238	340
238	601
239	458
240	541
240	751
243	64
243	249
243	346
244	731
245	677
247	53
247	73
247	574
249	782
250	104
250	126
250	265
250	417
251	795
252	589
252	721
254	278
254	725
256	346
257	384
258	248
258	790
259	88
259	579
260	324
261	156
261	524
263	72
263	129
264	99
265	75
265	772
266	49
266	554
267	74
267	116
267	417
268	100
268	447
269	456
270	83
270	207
271	161
271	596
272	447
273	146
273	209
273	315
273	582
274	17
275	563
276	324
277	271
277	350
278	174
278	554
279	299
279	380
279	633
280	91
280	337
280	709
281	205
282	18
282	232
282	253
282	522
282	632
283	233
283	322
283	476
283	488
285	773
287	225
287	341
288	56
288	731
289	463
290	721
291	17
292	385
292	774
293	23
293	533
294	729
295	351
295	418
295	557
295	615
295	717
296	356
296	789
297	230
298	70
299	736
302	67
302	244
302	586
302	760
303	714
305	183
305	600
306	604
307	68
307	594
307	635
308	435
309	174
309	711
310	25
310	32
310	136
310	427
313	184
313	381
313	519
314	156
314	198
314	677
315	54
315	298
315	346
317	213
319	220
319	276
319	497
319	640
320	342
321	342
321	460
321	571
323	187
323	335
324	356
324	369
324	447
324	629
325	52
325	316
325	569
325	752
326	570
326	585
328	558
329	133
329	337
330	505
330	585
330	603
331	71
332	265
333	83
333	298
333	502
333	781
335	156
336	773
336	790
338	746
339	467
340	143
340	306
340	333
340	395
340	658
340	775
341	559
341	751
342	2
342	277
342	663
343	432
343	734
344	657
344	763
345	554
346	64
346	165
347	415
348	114
349	310
349	455
349	580
350	45
350	553
351	635
352	60
352	566
355	561
355	587
357	71
358	427
359	482
359	712
359	749
360	10
360	151
360	226
360	744
361	176
363	510
363	755
365	18
365	226
365	331
366	220
371	251
371	416
372	139
372	436
373	164
375	244
375	762
377	46
377	321
380	477
381	210
381	705
382	755
383	180
383	637
384	390
384	533
384	784
385	293
386	26
386	254
386	544
387	496
389	495
389	668
389	728
390	436
390	658
391	443
394	424
395	56
395	228
395	712
395	741
396	667
396	688
397	60
397	248
398	94
398	256
398	357
398	568
400	242
400	338
400	375
401	79
401	461
402	517
403	746
404	321
404	384
404	619
405	92
405	462
405	663
405	744
406	79
406	392
406	673
407	88
407	228
407	450
407	745
408	375
408	547
412	209
412	385
413	134
413	481
413	524
414	368
414	555
416	326
416	349
416	478
416	632
416	652
417	48
417	449
418	173
419	54
419	187
419	510
420	181
420	306
420	373
420	545
422	78
422	291
423	359
424	377
425	239
425	458
426	21
426	379
427	124
427	677
428	276
428	309
428	439
429	153
429	307
432	423
433	622
433	732
434	640
435	243
435	624
437	69
437	589
437	756
438	625
439	151
439	244
439	567
440	496
441	117
441	157
441	255
443	177
444	558
445	357
445	700
446	73
447	87
448	51
448	427
448	762
449	97
449	245
449	396
449	520
449	686
450	228
450	747
451	10
451	589
451	772
452	45
452	156
453	433
455	743
456	171
456	584
456	751
457	491
457	631
459	23
460	178
461	114
461	491
461	635
462	285
462	327
462	375
463	623
463	692
463	718
463	774
465	317
466	473
466	659
466	716
467	212
467	288
467	370
467	470
467	538
467	633
468	121
468	594
472	45
472	693
473	45
474	18
474	340
474	661
475	126
475	333
475	367
475	742
475	766
477	516
478	734
482	414
482	655
482	735
482	794
483	485
484	411
484	667
485	32
485	338
485	426
485	437
486	488
487	164
487	551
487	645
489	11
489	564
492	397
493	614
494	788
495	241
496	607
497	63
498	207
499	119
499	596
500	323
501	201
501	310
501	501
502	501
502	774
503	764
504	109
504	380
505	442
505	609
506	319
506	505
507	323
508	459
509	322
509	424
509	442
510	495
512	141
512	478
512	501
513	746
514	629
514	727
515	173
515	235
515	341
515	418
516	340
516	390
517	265
518	415
519	87
521	248
522	190
523	621
525	216
525	764
526	486
527	606
528	401
529	101
530	706
531	743
532	3
532	454
533	463
533	767
535	73
536	233
536	465
536	798
538	328
538	376
538	683
539	271
539	740
541	42
541	471
541	705
541	740
542	128
543	197
544	583
546	64
547	34
549	587
550	570
551	599
552	57
552	194
552	274
554	280
554	564
557	624
558	331
559	409
561	489
563	464
563	659
564	406
564	468
564	575
566	60
567	16
567	231
567	372
568	554
568	781
569	471
569	555
570	36
570	634
573	421
574	476
575	315
576	246
577	372
578	305
578	528
578	615
579	481
581	130
582	343
582	620
583	310
583	768
585	456
586	54
586	81
586	187
586	374
587	691
588	749
588	781
589	379
589	535
589	678
589	696
590	98
591	358
593	267
593	449
593	541
593	770
595	215
595	316
595	796
596	329
597	125
598	387
598	563
599	205
599	414
599	666
599	732
600	183
600	478
600	569
601	160
601	593
601	711
602	287
602	760
604	573
605	237
605	663
606	723
606	727
608	63
608	450
608	748
608	768
609	453
610	214
611	225
612	152
612	176
614	397
614	569
614	600
615	757
616	112
616	166
617	283
617	512
618	292
618	702
623	34
623	88
623	153
623	344
624	357
626	35
626	58
626	699
627	149
629	25
629	401
630	333
631	748
632	18
632	101
632	175
632	419
633	10
633	276
633	470
635	320
635	533
635	693
636	341
637	143
637	181
637	798
639	660
641	361
641	781
642	619
643	91
643	476
643	755
644	4
645	274
646	271
646	304
646	535
647	683
648	796
650	178
650	582
651	349
651	369
651	405
651	667
652	152
654	79
654	733
655	190
655	314
656	326
659	558
659	700
661	59
662	255
662	277
663	372
663	557
664	334
665	688
668	379
669	8
669	587
669	793
670	135
671	72
671	96
671	110
671	692
672	207
673	259
673	399
673	579
676	255
677	84
677	295
677	443
677	615
678	251
678	696
679	196
680	448
680	745
680	784
681	161
682	52
682	544
685	5
686	789
687	671
688	162
689	619
689	776
691	224
692	154
693	54
693	132
693	489
696	250
696	397
697	197
697	232
697	345
697	362
698	231
699	90
699	154
699	331
699	388
700	675
702	558
705	471
706	188
706	193
706	414
707	50
707	211
708	290
709	294
709	340
709	646
709	657
709	665
709	738
710	166
710	464
711	171
711	375
713	232
713	295
714	18
714	52
714	649
714	719
715	535
715	770
717	475
717	547
717	566
718	490
718	532
718	795
720	352
720	792
721	370
721	728
724	101
725	77
726	368
726	517
727	774
728	497
728	526
729	494
730	126
732	304
733	241
733	654
733	695
734	82
735	346
736	131
737	424
737	525
738	254
739	585
739	736
740	555
740	601
740	682
741	70
742	363
743	578
743	799
744	110
744	419
744	430
744	547
745	244
746	37
747	204
747	296
747	430
748	706
749	41
751	427
751	646
752	568
753	25
753	606
755	147
756	641
759	780
761	139
761	381
762	179
763	720
764	603
764	778
765	165
766	431
768	389
770	280
770	783
771	71
772	204
773	290
773	377
774	252
775	540
776	753
777	2
777	41
777	47
777	267
777	544
777	682
778	794
780	102
780	621
781	178
784	394
785	599
785	751
786	141
786	384
786	563
786	735
787	267
787	326
787	497
787	513
787	683
789	639
791	468
792	405
792	451
792	460
792	542
793	94
793	432
794	699
795	620
796	18
796	144
797	266
798	149
799	206
-----------
0	553
1	101
2	397
2	658
4	25
4	128
4	172
4	471
6	504
7	276
8	599
8	790
9	89
9	337
10	165
11	765
12	115
13	40
14	476
14	619
15	265
16	545
16	725
17	661
17	698
19	108
19	178
19	344
19	478
19	763
21	373
22	505
23	422
24	196
24	324
25	156
25	297
26	97
26	306
26	450
26	564
28	668
29	41
30	545
30	635
30	687
31	764
32	432
32	571
32	706
35	431
35	534
35	567
36	32
36	147
38	36
39	34
39	100
40	226
40	643
40	727
42	464
43	687
44	429
45	582
45	650
46	556
48	229
49	436
49	572
50	65
50	225
50	689
50	716
51	428
51	541
52	529
52	697
53	193
53	770
54	23
55	70
55	265
55	585
56	177
56	703
56	712
57	413
57	636
58	771
59	16
59	54
59	503
59	603
59	772
60	188
61	39
61	251
62	210
64	782
65	11
67	11
68	720
69	470
70	708
71	151
72	27
72	430
74	568
75	136
75	248
76	42
76	578
78	416
81	102
82	523
82	616
83	708
84	305
84	631
84	748
84	769
85	341
85	350
86	226
86	336
86	686
87	34
87	512
88	463
88	677
88	713
89	122
89	220
89	664
89	688
90	43
90	584
90	666
91	568
92	250
92	493
93	59
94	728
97	11
97	133
97	376
97	662
98	155
98	608
99	98
99	196
99	395
100	123
100	255
100	586
100	744
102	589
103	375
103	501
104	224
105	365
106	36
106	677
107	782
108	369
109	64
110	415
111	329
112	151
112	247
112	542
113	630
114	646
117	411
118	525
118	635
119	179
119	240
120	291
120	516
121	315
121	594
122	211
125	66
125	183
125	187
126	321
126	510
127	658
127	674
127	797
128	276
128	427
131	139
131	305
131	419
131	468
131	667
131	787
132	108
132	453
133	233
133	712
134	154
134	625
134	665
135	52
135	426
136	624
139	777
140	645
141	143
141	350
141	421
142	161
142	448
142	658
145	131
145	346
145	481
145	490
147	151
147	517
147	771
148	46
148	238
149	465
150	328
151	314
151	771
153	23
153	181
155	41
155	119
155	477
156	384
157	793
158	411
158	424
158	602
158	760
159	258
160	148
160	161
160	699
160	746
161	659
162	391
164	39
164	734
165	177
166	112
166	114
166	574
167	285
167	531
168	147
168	297
169	407
170	73
170	589
171	64
171	274
171	351
172	147
172	404
174	18
174	324
174	447
176	96
176	674
177	324
178	774
179	39
179	623
181	322
181	350
181	510
182	13
184	331
185	496
186	207
186	328
186	346
187	43
188	517
189	193
189	430
190	790
191	96
192	45
193	112
194	374
195	68
196	232
196	286
196	429
197	652
198	393
199	8
201	139
201	727
203	299
203	705
204	585
205	249
205	362
205	670
205	734
206	683
207	373
207	760
208	45
208	144
211	455
212	71
212	448
212	722
212	762
213	351
213	442
214	411
214	502
216	39
216	100
216	417
216	606
217	680
218	291
220	276
221	8
221	10
221	476
222	326
222	424
222	748
223	79
223	327
224	201
225	17
225	419
226	269
226	364
226	740
227	749
228	160
229	335
229	641
231	288
231	511
232	380
233	449
234	676
235	593
235	681
236	736
237	56
237	146
237	478
238	340
238	601
239	458
240	289
240	751
243	64
243	249
243	346
244	731
245	671
247	204
247	574
247	784
249	609
250	104
250	417
250	525
250	600
251	2
252	555
252	721
254	725
254	738
256	601
257	384
258	248
258	790
259	579
259	781
260	446
261	156
261	461
263	72
263	723
264	619
265	75
265	402
266	49
266	554
267	74
267	116
267	174
268	100
268	447
269	117
270	207
270	775
271	161
271	740
272	296
273	10
273	456
273	582
273	740
274	17
275	624
276	70
277	271
277	331
278	532
278	554
279	84
279	380
279	633
280	91
280	418
280	709
281	205
282	18
282	232
282	367
282	522
282	632
283	233
283	322
283	476
283	699
285	773
287	404
287	765
288	721
288	731
289	463
290	721
291	501
292	2
292	385
293	414
293	533
294	729
295	315
295	557
295	564
295	615
295	717
296	54
296	356
297	230
298	70
299	129
302	67
302	244
302	314
302	760
303	510
305	92
305	232
306	59
307	583
307	594
307	651
308	435
309	375
309	692
310	25
310	32
310	82
310	538
313	184
313	381
313	519
314	132
314	156
314	753
315	255
315	298
315	445
317	547
319	128
319	220
319	313
319	640
320	342
321	342
321	660
321	715
323	297
323	465
324	447
324	490
324	670
324	742
325	52
325	316
325	569
325	752
326	570
326	585
328	558
329	133
329	337
330	585
330	668
330	774
331	88
332	265
333	83
333	298
333	502
333	781
335	156
336	183
336	773
338	368
339	467
340	143
340	175
340	306
340	333
340	395
340	658
341	489
341	559
342	277
342	663
342	795
343	432
343	497
344	657
344	763
345	554
346	64
346	165
347	21
348	97
349	310
349	372
349	455
350	45
350	78
351	635
352	60
352	566
355	18
355	561
357	597
358	355
359	375
359	615
359	749
360	332
360	341
360	590
360	762
361	176
363	510
363	755
365	226
365	245
365	331
366	220
371	322
371	624
372	48
372	436
373	164
375	244
375	620
377	76
377	390
380	477
381	267
381	414
382	755
383	180
383	637
384	73
384	390
384	533
385	293
386	26
386	254
386	544
387	496
389	19
389	437
389	495
390	436
390	634
391	772
394	424
395	56
395	228
395	712
395	741
396	185
396	479
397	326
397	671
398	94
398	256
398	272
398	357
400	174
400	242
400	338
401	79
401	319
402	448
403	746
404	321
404	384
404	619
405	183
405	462
405	593
405	744
406	79
406	392
406	570
407	88
407	228
407	450
407	473
408	213
408	482
412	209
412	385
413	41
413	134
413	157
414	375
414	651
416	101
416	349
416	478
416	481
416	736
417	485
417	519
418	173
419	54
419	187
419	510
420	373
420	447
420	478
420	677
422	357
422	632
423	359
424	188
425	239
425	458
426	379
426	419
427	102
427	124
428	309
428	439
428	744
429	153
429	307
432	423
433	622
433	732
434	640
435	243
435	624
437	401
437	743
437	756
438	625
439	151
439	567
439	735
440	271
441	255
441	317
441	783
443	372
444	558
445	357
445	673
446	73
447	25
448	51
448	225
448	554
449	97
449	396
449	460
449	587
449	686
450	228
450	747
451	10
451	443
451	589
452	45
452	156
453	433
455	743
456	171
456	555
456	751
457	149
457	631
459	209
460	702
461	283
461	491
461	635
462	285
462	664
462	746
463	623
463	676
463	718
463	774
465	549
466	533
466	659
466	745
467	212
467	237
467	288
467	338
467	470
467	633
468	121
468	594
472	175
472	693
473	63
474	18
474	340
474	661
475	190
475	333
475	368
475	629
475	766
477	516
478	2
482	150
482	655
482	735
482	794
483	48
484	94
484	667
485	338
485	431
485	451
485	728
486	153
487	551
487	645
487	734
489	370
489	564
492	370
493	18
494	788
495	587
496	607
497	63
498	207
499	119
499	596
500	224
501	201
501	310
501	501
502	67
502	774
503	764
504	109
504	380
505	37
505	442
506	505
506	524
507	323
508	459
509	310
509	424
509	604
510	495
512	8
512	52
512	141
513	87
514	629
514	714
515	64
515	77
515	173
515	418
516	46
516	340
517	316
518	415
519	87
521	248
522	338
523	621
525	216
525	764
526	486
527	472
528	401
529	291
530	321
531	683
532	3
532	454
533	463
533	767
535	73
536	707
536	751
536	798
538	190
538	328
538	376
539	271
539	445
541	42
541	471
541	596
541	705
542	405
543	197
544	583
546	421
547	34
549	587
550	580
551	28
552	57
552	194
552	274
554	244
554	669
557	563
558	240
559	409
561	54
563	374
563	464
564	575
564	665
564	762
566	60
567	16
567	231
567	512
568	71
568	427
569	471
569	555
570	394
570	768
573	421
574	58
575	748
576	535
577	372
578	60
578	102
578	712
579	339
581	130
582	110
582	193
583	274
583	460
585	152
586	54
586	81
586	187
586	487
587	691
588	749
588	781
589	326
589	535
589	678
589	696
590	235
591	358
593	449
593	770
593	774
593	792
595	215
595	517
595	796
596	715
597	125
598	439
598	563
599	205
599	388
599	520
599	732
600	83
600	504
600	569
601	160
601	214
601	414
602	287
602	760
604	345
605	288
605	663
606	50
606	727
608	253
608	450
608	640
608	768
609	427
610	663
611	178
612	152
612	558
614	126
614	397
614	569
615	757
616	112
616	166
617	114
617	141
618	292
618	702
623	34
623	127
623	344
623	488
624	345
626	35
626	58
626	488
627	149
629	87
629	424
630	333
631	748
632	11
632	18
632	21
632	469
633	302
633	470
633	528
635	296
635	320
635	693
636	377
637	4
637	181
637	678
639	660
641	361
641	719
642	99
643	91
643	524
643	604
644	798
645	662
646	246
646	304
646	542
647	683
648	796
650	582
650	667
651	128
651	369
651	705
651	711
652	447
654	79
654	733
655	202
655	547
656	379
659	176
659	700
661	456
662	277
662	474
663	10
663	557
664	334
665	688
668	379
669	241
669	700
669	793
670	135
671	52
671	72
671	468
671	692
672	571
673	259
673	399
673	579
676	255
677	84
677	295
677	615
677	630
678	251
678	696
679	484
680	231
680	745
680	784
681	68
682	406
682	544
685	5
686	789
687	789
688	162
689	619
689	776
691	426
692	154
693	305
693	489
693	610
696	164
696	397
697	197
697	362
697	449
697	573
698	560
699	90
699	154
699	331
699	424
700	675
702	558
705	206
706	343
706	377
706	711
707	129
707	513
708	290
709	179
709	278
709	294
709	468
709	646
709	657
710	166
710	464
711	171
711	375
713	295
713	600
714	3
714	614
714	649
714	781
715	476
715	535
717	475
717	547
717	566
718	356
718	532
718	795
720	352
720	541
721	397
721	728
724	101
725	224
726	126
726	695
727	598
728	497
728	526
729	675
730	126
732	304
733	241
733	654
733	659
734	427
735	346
736	251
737	89
737	589
738	254
739	448
739	512
740	601
740	639
740	682
741	88
742	363
743	578
743	799
744	110
744	149
744	430
744	547
745	244
746	71
747	53
747	132
747	430
748	706
749	755
751	427
751	607
752	69
753	32
753	606
755	443
756	641
759	780
761	349
761	381
762	340
763	746
764	603
764	778
765	165
766	28
768	389
770	280
770	783
771	71
772	204
773	290
773	341
774	252
775	540
776	198
777	41
777	47
777	250
777	267
777	544
777	682
778	794
780	181
780	621
781	178
784	394
785	599
785	751
786	280
786	384
786	563
786	567
787	266
787	405
787	494
787	497
787	683
789	555
791	209
792	267
792	271
792	323
792	460
793	133
793	432
794	699
795	620
796	27
796	130
797	387
798	491
799	471
-----------
0	553
1	101
2	43
2	66
4	100
4	128
4	328
4	630
6	504
7	276
8	28
8	790
9	89
9	337
10	547
11	52
12	115
13	40
14	525
14	604
15	265
16	380
16	545
17	285
17	661
19	39
19	83
19	108
19	344
19	763
21	373
22	505
23	176
24	271
24	324
25	259
25	297
26	156
26	209
26	711
26	792
28	668
29	41
30	430
30	683
30	687
31	793
32	324
32	432
32	571
35	431
35	534
35	567
36	32
36	680
38	529
39	34
39	100
40	643
40	727
40	736
42	664
43	687
44	429
45	582
45	650
46	556
48	229
49	160
49	572
50	65
50	226
50	716
50	765
51	428
51	619
52	404
52	697
53	133
53	476
54	11
55	70
55	265
55	585
56	177
56	703
56	712
57	50
57	784
58	771
59	16
59	54
59	213
59	402
59	692
60	188
61	39
61	251
62	210
64	183
65	288
67	144
68	746
69	470
70	294
71	743
72	27
72	478
74	272
75	32
75	560
76	78
76	147
78	187
81	102
82	417
82	523
83	708
84	296
84	305
84	748
84	769
85	341
85	350
86	336
86	427
86	686
87	172
87	512
88	427
88	585
88	702
89	122
89	220
89	464
89	479
90	520
90	555
90	566
91	338
92	250
92	493
93	59
94	728
97	11
97	133
97	376
97	662
98	155
98	608
99	196
99	395
99	431
100	123
100	226
100	314
100	486
102	683
103	501
103	620
104	224
105	365
106	36
106	677
107	782
108	783
109	64
110	21
111	715
112	45
112	542
112	559
113	419
114	607
117	5
118	42
118	619
119	179
119	240
120	76
120	291
121	253
121	594
122	494
125	297
125	304
125	658
126	321
126	510
127	394
127	674
127	797
128	84
128	112
131	298
131	305
131	598
131	667
131	745
131	787
132	17
132	453
133	707
133	712
134	621
134	625
134	762
135	52
135	426
136	624
139	777
140	645
141	143
141	307
141	465
142	56
142	161
142	658
145	448
145	474
145	481
145	601
147	151
147	517
147	771
148	46
148	478
149	465
150	328
151	202
151	771
153	181
153	424
155	41
155	119
155	477
156	384
157	764
158	193
158	424
158	602
158	760
159	258
160	161
160	683
160	699
160	774
161	322
162	391
164	25
164	699
165	212
166	97
166	112
166	794
167	442
167	698
168	147
168	297
169	407
170	73
170	310
171	64
171	351
171	662
172	128
172	460
174	18
174	447
174	601
176	306
176	674
177	193
178	774
179	39
179	623
181	322
181	341
181	510
182	13
184	331
185	496
186	207
186	346
186	432
187	43
188	228
189	324
189	430
190	447
191	96
192	590
193	276
194	487
195	68
196	286
196	429
196	449
197	652
198	393
199	8
201	277
201	510
203	299
203	705
204	57
205	249
205	362
205	554
205	734
206	589
207	373
207	760
208	89
208	209
211	455
212	225
212	385
212	448
212	722
213	274
213	351
214	411
214	502
216	34
216	39
216	174
216	606
217	630
218	291
220	332
221	8
221	476
221	748
222	10
222	45
222	424
223	139
223	327
224	201
225	67
225	419
226	269
226	683
226	740
227	706
228	436
229	335
229	641
231	288
231	326
232	380
233	449
234	676
235	593
235	681
236	744
237	52
237	231
237	357
238	340
238	601
239	458
240	541
240	751
243	64
243	249
243	784
244	731
245	671
247	10
247	204
247	251
249	609
250	45
250	267
250	600
250	616
251	2
252	349
252	721
254	725
254	738
256	749
257	384
258	749
258	790
259	579
259	781
260	446
261	156
261	461
263	72
263	129
264	99
265	54
265	75
266	175
266	554
267	74
267	116
267	247
268	100
268	447
269	445
270	405
270	469
271	161
271	740
272	631
273	73
273	117
273	470
273	582
274	629
275	624
276	70
277	271
277	331
278	18
278	554
279	84
279	380
279	633
280	315
280	470
280	709
281	205
282	18
282	190
282	232
282	632
282	634
283	233
283	240
283	322
283	476
285	773
287	178
287	225
288	721
288	731
289	298
290	721
291	491
292	2
292	385
293	414
293	533
294	729
295	377
295	418
295	547
295	669
295	717
296	54
296	356
297	230
298	165
299	736
302	67
302	224
302	244
302	586
303	714
305	149
305	183
306	59
307	594
307	635
307	664
308	435
309	364
309	691
310	32
310	427
310	538
310	635
313	87
313	184
313	519
314	132
314	198
314	533
315	255
315	489
315	720
317	599
319	220
319	313
319	390
319	640
320	342
321	149
321	342
321	715
323	374
323	512
324	17
324	356
324	447
324	670
325	569
325	688
325	752
325	765
326	350
326	585
328	558
329	133
329	337
330	148
330	668
330	713
331	88
332	265
333	83
333	468
333	781
333	790
335	156
336	384
336	423
338	746
339	134
340	143
340	175
340	306
340	395
340	658
340	702
341	456
341	468
342	252
342	277
342	663
343	432
343	497
344	245
344	763
345	670
346	64
346	70
347	415
348	114
349	404
349	455
349	700
350	387
350	578
351	635
352	60
352	693
355	397
355	751
357	187
358	746
359	482
359	615
359	762
360	110
360	151
360	333
360	744
361	176
363	510
363	755
365	226
365	331
365	657
366	220
371	574
371	659
372	48
372	436
373	580
375	244
375	762
377	46
377	516
380	477
381	104
381	414
382	755
383	180
383	637
384	165
384	413
384	734
385	665
386	60
386	254
386	585
387	496
389	19
389	375
389	728
390	436
390	658
391	772
394	56
395	228
395	424
395	712
395	741
396	185
396	316
397	344
397	751
398	94
398	256
398	357
398	568
400	242
400	338
400	375
401	79
401	563
402	517
403	746
404	321
404	384
404	619
405	92
405	126
405	462
405	744
406	79
406	392
406	570
407	450
407	473
407	606
407	659
408	97
408	375
412	71
412	209
413	41
413	467
413	481
414	368
414	651
416	157
416	238
416	248
416	291
416	349
417	48
417	519
418	173
419	71
419	510
419	655
420	181
420	373
420	447
420	773
422	146
422	632
423	359
424	188
425	239
425	471
426	379
426	381
427	124
427	677
428	276
428	309
428	463
429	153
429	178
432	657
433	688
433	732
434	640
435	243
435	624
437	49
437	568
437	756
438	625
439	151
439	244
439	567
440	484
441	255
441	317
441	369
443	177
444	558
445	310
445	357
446	73
447	136
448	51
448	102
448	427
449	18
449	97
449	316
449	460
449	686
450	228
450	747
451	10
451	443
451	589
452	45
452	156
453	433
455	224
456	171
456	326
456	584
457	600
457	631
459	23
460	570
461	108
461	283
461	323
462	285
462	375
462	651
463	623
463	676
463	718
463	774
465	549
466	533
466	659
466	745
467	11
467	91
467	102
467	288
467	338
467	633
468	296
468	458
472	197
472	693
473	63
474	18
474	340
474	661
475	126
475	333
475	367
475	663
475	766
477	516
478	734
482	54
482	421
482	677
482	735
483	485
484	419
484	667
485	18
485	98
485	338
485	437
486	135
487	2
487	551
487	645
489	389
489	564
492	370
493	532
494	788
495	587
496	607
497	63
498	207
499	119
499	596
500	451
501	201
501	501
501	579
502	501
502	774
503	764
504	109
504	725
505	531
505	782
506	505
506	524
507	635
508	555
509	424
509	442
509	604
510	72
512	8
512	141
512	478
513	87
514	369
514	727
515	64
515	173
515	235
515	418
516	340
516	390
517	396
518	421
519	87
521	248
522	190
523	621
525	216
525	764
526	255
527	472
528	401
529	101
530	321
531	174
532	3
532	454
533	439
533	767
535	73
536	233
536	587
536	798
538	328
538	376
538	743
539	271
539	445
541	471
541	596
541	705
541	727
542	128
543	197
544	583
546	150
547	34
549	587
550	567
551	599
552	194
552	274
552	544
554	424
554	564
557	319
558	350
559	409
561	772
563	416
563	464
564	293
564	417
564	575
566	26
567	16
567	164
567	231
568	71
568	554
569	471
569	555
570	36
570	522
573	421
574	58
575	748
576	246
577	372
578	35
578	305
578	528
579	339
581	130
582	193
582	495
583	310
583	768
585	603
586	54
586	81
586	187
586	374
587	503
588	248
588	781
589	379
589	535
589	678
589	696
590	426
591	358
593	449
593	574
593	705
593	770
595	215
595	488
595	624
596	329
597	183
598	439
598	563
599	205
599	666
599	689
599	732
600	125
600	478
600	569
601	160
601	214
601	414
602	287
602	760
604	345
605	237
605	742
606	42
606	723
608	315
608	450
608	640
608	768
609	450
610	593
611	372
612	152
612	422
614	126
614	343
614	569
615	757
616	112
616	166
617	114
617	512
618	292
618	463
623	34
623	88
623	488
623	671
624	345
626	58
626	712
626	796
627	149
629	25
629	401
630	333
631	181
632	11
632	21
632	615
632	775
633	10
633	302
633	740
635	132
635	320
635	397
636	341
637	4
637	678
637	748
639	660
641	361
641	781
642	619
643	91
643	476
643	755
644	798
645	274
646	304
646	535
646	542
647	583
648	796
650	564
650	582
651	207
651	254
651	459
651	629
652	152
654	79
654	733
655	314
655	547
656	511
659	558
659	700
661	456
662	139
662	346
663	372
663	557
664	334
665	622
668	379
669	241
669	673
669	793
670	153
671	52
671	468
671	495
671	692
672	571
673	156
673	399
673	589
676	255
677	295
677	427
677	443
677	615
678	251
678	696
679	196
680	346
680	448
680	660
681	68
682	406
682	544
685	411
686	789
687	789
688	162
689	289
689	776
691	760
692	154
693	60
693	489
693	610
696	250
696	397
697	232
697	362
697	573
697	589
698	129
699	23
699	90
699	154
699	331
700	675
702	558
705	206
706	377
706	561
706	711
707	211
707	636
708	290
709	278
709	340
709	545
709	646
709	665
709	708
710	166
710	464
711	171
711	375
713	232
713	295
714	3
714	614
714	649
714	719
715	388
715	535
717	475
717	557
717	566
718	490
718	532
718	795
720	352
720	541
721	397
721	728
724	101
725	77
726	368
726	695
727	774
728	497
728	526
729	675
730	663
732	504
733	241
733	517
733	654
734	82
735	346
736	131
737	280
737	525
738	667
739	415
739	448
740	490
740	639
740	682
741	127
742	363
743	578
743	799
744	94
744	110
744	430
744	547
745	244
746	597
747	53
747	430
747	594
748	706
749	524
751	646
751	770
752	69
753	25
753	88
755	147
756	641
759	780
761	79
761	381
762	179
763	463
764	603
764	778
765	165
766	28
768	370
770	280
770	783
771	71
772	204
773	151
773	290
774	795
775	540
776	753
777	41
777	47
777	164
777	267
777	544
777	682
778	794
780	154
780	749
781	178
784	394
785	502
785	751
786	37
786	141
786	563
786	735
787	326
787	355
787	405
787	497
787	513
789	555
791	96
792	267
792	271
792	323
792	460
793	121
793	411
794	699
795	620
796	27
796	130
797	266
798	491
799	471
-----------
0	553
1	101
2	43
2	66
4	34
4	128
4	328
4	630
6	504
7	276
8	28
8	790
9	337
9	563
10	794
11	426
12	115
13	241
14	604
14	666
15	265
16	545
16	725
17	285
17	699
19	39
19	83
19	207
19	344
19	450
21	373
22	505
23	422
24	271
24	324
25	156
25	297
26	162
26	165
26	209
26	450
28	272
29	41
30	79
30	430
30	583
31	464
32	432
32	571
32	706
35	431
35	534
35	567
36	32
36	630
38	529
39	34
39	100
40	643
40	727
40	736
42	464
43	687
44	429
45	210
45	650
46	556
48	229
49	160
49	572
50	23
50	689
50	716
50	765
51	180
51	600
52	404
52	697
53	133
53	476
54	691
55	70
55	265
55	699
56	177
56	703
56	712
57	413
57	636
58	197
59	16
59	54
59	402
59	603
59	769
60	188
61	41
61	251
62	51
64	381
65	288
67	139
68	746
69	305
70	533
71	127
72	363
72	561
74	668
75	32
75	560
76	147
76	578
78	374
81	623
82	523
82	616
83	708
84	305
84	379
84	631
84	748
85	341
85	350
86	226
86	686
86	712
87	151
87	172
88	463
88	677
88	713
89	122
89	526
89	658
89	664
90	314
90	442
90	555
91	338
92	250
92	493
93	59
94	728
97	89
97	133
97	376
97	404
98	608
98	749
99	196
99	395
99	431
100	102
100	123
100	334
100	744
102	589
103	375
103	501
104	224
105	365
106	36
106	344
107	782
108	783
109	64
110	21
111	715
112	247
112	542
112	590
113	136
114	607
117	57
118	525
118	635
119	179
119	240
120	291
120	768
121	253
121	276
122	494
125	39
125	297
125	504
126	321
126	510
127	394
127	674
127	797
128	112
128	427
131	68
131	255
131	310
131	424
131	667
131	751
132	108
132	453
133	321
133	707
134	154
134	397
134	762
135	52
135	426
136	624
139	411
140	645
141	53
141	421
141	520
142	56
142	161
142	658
145	278
145	490
145	624
145	696
147	512
147	589
147	771
148	238
148	503
149	333
150	328
151	202
151	771
153	181
153	598
155	41
155	119
155	477
156	87
157	793
158	193
158	424
158	602
158	760
159	258
160	148
160	161
160	355
160	661
161	271
162	246
164	42
164	240
165	255
166	97
166	112
166	574
167	531
167	698
168	147
168	297
169	259
170	73
170	517
171	64
171	351
171	662
172	128
172	460
174	8
174	18
174	324
176	306
176	674
177	324
178	774
179	39
179	102
181	350
181	510
181	751
182	13
184	331
185	496
186	207
186	346
186	471
187	501
188	659
189	193
189	430
190	683
191	96
192	45
193	276
194	487
195	468
196	286
196	449
196	579
197	433
198	393
199	144
201	11
201	510
203	249
203	299
204	585
205	249
205	362
205	670
205	734
206	683
207	304
207	373
208	89
208	310
211	455
212	71
212	225
212	448
212	722
213	274
213	351
214	411
214	502
216	39
216	100
216	174
216	606
217	3
218	291
220	73
221	87
221	667
221	748
222	10
222	387
222	424
223	79
223	327
224	201
225	375
225	419
226	212
226	364
226	676
227	749
228	427
229	335
229	641
231	288
231	401
232	380
233	449
234	676
235	593
235	681
236	220
237	146
237	231
237	289
238	161
238	601
239	458
240	470
240	564
243	64
243	306
243	346
244	731
245	671
247	204
247	332
247	574
249	609
250	45
250	417
250	428
250	512
251	2
252	555
252	721
254	725
254	738
256	601
257	232
258	248
258	790
259	579
259	746
260	446
261	156
261	461
263	72
263	129
264	99
265	75
265	421
266	49
266	554
267	74
267	116
267	417
268	100
268	380
269	341
270	207
270	469
271	340
271	740
272	296
273	10
273	117
273	582
273	740
274	17
275	624
276	295
277	143
277	331
278	532
278	554
279	84
279	447
279	633
280	91
280	315
280	709
281	205
282	190
282	232
282	447
282	522
282	632
283	224
283	233
283	322
283	476
285	773
287	178
287	225
288	721
288	731
289	463
290	721
291	17
292	2
292	385
293	414
293	708
294	729
295	418
295	557
295	615
295	669
295	717
296	356
296	798
297	230
298	70
299	736
302	67
302	266
302	619
302	677
303	714
305	183
305	746
306	547
307	594
307	635
307	651
308	604
309	304
309	547
310	25
310	32
310	427
310	495
313	27
313	37
313	184
314	73
314	156
314	198
315	149
315	298
315	489
317	213
319	220
319	313
319	640
319	734
320	342
321	342
321	660
321	715
323	187
323	465
324	356
324	447
324	629
324	670
325	128
325	316
325	569
325	752
326	570
326	585
328	558
329	133
329	337
330	114
330	585
330	668
331	88
332	265
333	298
333	497
333	502
333	781
335	156
336	183
336	773
338	746
339	328
340	143
340	175
340	333
340	395
340	479
340	705
341	445
341	559
342	232
342	277
342	795
343	432
343	460
344	657
344	763
345	554
346	64
346	165
347	415
348	774
349	310
349	372
349	455
350	45
350	78
351	635
352	60
352	566
355	478
355	587
357	71
358	600
359	482
359	615
359	749
360	110
360	151
360	326
360	702
361	176
363	510
363	755
365	226
365	245
365	331
366	220
371	25
371	251
372	48
372	436
373	488
375	112
375	762
377	516
377	781
380	477
381	267
381	414
382	331
383	255
383	637
384	390
384	533
384	784
385	293
386	254
386	391
386	544
387	496
389	19
389	495
389	728
390	244
390	658
391	772
394	424
395	56
395	228
395	712
395	741
396	185
396	688
397	171
397	228
398	88
398	94
398	589
398	711
400	67
400	326
400	338
401	319
401	687
402	517
403	781
404	336
404	384
404	586
405	40
405	92
405	462
405	663
406	79
406	392
406	570
407	88
407	228
407	439
407	450
408	375
408	547
412	135
412	209
413	134
413	481
413	658
414	368
414	651
416	248
416	291
416	349
416	478
416	549
417	48
417	519
418	173
419	54
419	248
419	510
420	18
420	63
420	181
420	545
422	435
422	632
423	359
424	188
425	239
425	458
426	379
426	419
427	124
427	271
428	309
428	377
428	594
429	153
429	307
432	423
433	622
433	732
434	640
435	102
435	243
437	139
437	589
437	756
438	625
439	151
439	244
439	567
440	484
441	255
441	369
441	558
443	177
444	558
445	357
445	700
446	73
447	132
448	154
448	582
448	633
449	18
449	97
449	396
449	460
449	686
450	242
450	747
451	10
451	443
451	568
452	45
452	156
453	652
455	743
456	584
456	671
456	751
457	149
457	631
459	23
460	341
461	283
461	491
461	635
462	285
462	375
462	664
463	269
463	623
463	718
463	774
465	157
466	63
466	533
466	745
467	11
467	288
467	338
467	470
467	740
467	762
468	121
468	594
472	693
472	774
473	373
474	340
474	362
474	661
475	367
475	465
475	563
475	742
475	766
477	516
478	734
482	97
482	421
482	655
482	735
483	70
484	94
484	667
485	338
485	437
485	541
485	662
486	153
487	2
487	551
487	645
489	370
489	564
492	390
493	18
494	788
495	256
496	607
497	352
498	763
499	119
499	596
500	451
501	201
501	470
501	787
502	501
502	751
503	764
504	244
504	380
505	41
505	782
506	505
506	524
507	323
508	459
509	357
509	424
509	442
510	538
512	8
512	141
512	478
513	8
514	629
514	727
515	64
515	178
515	235
515	744
516	340
516	370
517	587
518	415
519	87
521	187
522	190
523	621
525	216
525	764
526	486
527	472
528	436
529	101
530	321
531	683
532	3
532	454
533	463
533	767
535	384
536	54
536	233
536	322
538	376
538	467
538	743
539	52
539	677
541	42
541	175
541	596
541	780
542	52
543	771
544	624
546	150
547	34
549	723
550	567
551	599
552	194
552	274
552	777
554	280
554	564
557	11
558	350
559	409
561	54
563	416
563	464
564	468
564	575
564	665
566	60
567	16
567	231
567	580
568	71
568	554
569	471
569	555
570	36
570	634
573	772
574	58
575	748
576	26
577	372
578	305
578	528
578	712
579	339
581	130
582	193
582	620
583	76
583	447
585	447
586	54
586	81
586	187
586	374
587	209
588	155
588	781
589	46
589	535
589	678
589	696
590	765
591	358
593	449
593	705
593	770
593	792
595	215
595	448
595	796
596	329
597	125
598	126
598	473
599	205
599	388
599	619
599	732
600	176
600	478
600	569
601	160
601	214
601	414
602	287
602	760
604	345
605	237
605	663
606	316
606	727
608	108
608	315
608	640
608	768
609	427
610	593
611	98
612	152
612	183
614	126
614	569
614	625
615	757
616	166
616	244
617	104
617	114
618	292
618	702
623	34
623	109
623	357
623	488
624	345
626	35
626	58
626	164
627	149
629	25
629	401
630	333
631	748
632	11
632	18
632	21
632	775
633	10
633	52
633	302
635	132
635	320
635	693
636	456
637	181
637	436
637	678
639	660
641	4
641	46
642	619
643	91
643	476
643	755
644	798
645	274
646	174
646	535
646	542
647	790
648	796
650	582
650	711
651	349
651	369
651	405
651	476
652	566
654	79
654	733
655	59
655	271
656	326
659	317
659	700
661	456
662	277
662	346
663	372
663	557
664	314
665	688
668	379
669	241
669	673
669	793
670	385
671	43
671	72
671	468
671	692
672	571
673	399
673	407
673	429
676	445
677	84
677	443
677	615
677	646
678	251
678	474
679	196
680	448
680	745
680	784
681	649
682	471
682	544
685	5
686	789
687	789
688	585
689	619
689	776
691	224
692	154
693	60
693	489
693	610
696	250
696	397
697	18
697	197
697	573
697	663
698	129
699	65
699	90
699	361
699	755
700	675
702	558
705	206
706	343
706	439
706	587
707	50
707	540
708	290
709	294
709	340
709	481
709	485
709	657
709	665
710	166
710	764
711	171
711	375
713	295
713	384
714	68
714	614
714	680
714	719
715	535
715	770
717	152
717	475
717	692
718	490
718	532
718	795
720	541
720	659
721	397
721	728
724	101
725	77
726	368
726	695
727	406
728	226
728	497
729	675
730	126
732	760
733	517
733	654
733	744
734	82
735	346
736	131
737	424
737	525
738	254
739	448
739	512
740	601
740	639
740	682
741	151
742	519
743	578
743	799
744	110
744	419
744	430
744	547
745	511
746	597
747	173
747	296
747	430
748	706
749	524
751	427
751	646
752	69
753	606
753	659
755	147
756	641
759	705
761	381
761	568
762	179
763	720
764	603
764	778
765	165
766	28
768	389
770	280
770	783
771	71
772	204
773	290
773	377
774	252
775	211
776	753
777	47
777	164
777	267
777	397
777	544
777	682
778	794
780	583
780	621
781	178
784	394
785	599
785	774
786	141
786	384
786	563
786	735
787	83
787	405
787	418
787	513
787	683
789	555
791	96
792	267
792	322
792	323
792	497
793	411
793	432
794	699
795	620
796	27
796	130
797	760
798	491
799	471
-----------
0	696
1	101
2	43
2	231
4	328
4	556
4	557
4	673
6	504
7	276
8	28
8	740
9	89
9	337
10	97
11	765
12	115
13	40
14	604
14	619
15	675
16	34
16	545
17	285
17	661
19	39
19	83
19	108
19	430
19	763
21	528
22	505
23	422
24	271
24	324
25	156
25	427
26	165
26	209
26	450
26	564
28	668
29	41
30	430
30	583
30	687
31	473
32	18
32	133
32	432
35	431
35	534
35	567
36	32
36	151
38	529
39	34
39	100
40	643
40	727
40	736
42	464
43	687
44	394
45	582
45	650
46	725
48	229
49	160
49	572
50	65
50	689
50	716
50	765
51	428
51	671
52	404
52	547
53	476
53	706
54	209
55	70
55	265
55	585
56	18
56	177
56	558
57	239
57	328
58	771
59	16
59	402
59	503
59	603
59	771
60	188
61	71
61	245
62	210
64	220
65	288
67	11
68	414
69	470
70	396
71	151
72	476
72	478
74	728
75	32
75	560
76	147
76	578
78	374
81	102
82	487
82	523
83	708
84	305
84	343
84	748
84	769
85	341
85	749
86	226
86	336
86	686
87	449
87	512
88	463
88	677
88	699
89	193
89	220
89	664
89	787
90	397
90	520
90	555
91	338
92	250
92	493
93	659
94	728
97	11
97	133
97	376
97	662
98	355
98	608
99	196
99	395
99	431
100	255
100	314
100	744
100	794
102	589
103	375
103	601
104	68
105	365
106	36
106	677
107	782
108	783
109	64
110	564
111	715
112	205
112	542
112	590
113	136
114	607
117	411
118	525
118	635
119	240
119	676
120	76
120	291
121	253
121	594
122	494
125	639
125	658
125	774
126	321
126	510
127	63
127	178
127	797
128	112
128	427
131	149
131	460
131	468
131	479
131	598
131	667
132	447
132	453
133	707
133	712
134	154
134	601
134	625
135	52
135	426
136	624
139	777
140	645
141	143
141	178
141	409
142	56
142	445
142	658
145	436
145	474
145	481
145	624
147	517
147	630
147	767
148	238
148	541
149	465
150	636
151	54
151	202
153	181
153	424
155	41
155	119
155	477
156	384
157	333
158	193
158	242
158	424
158	602
159	258
160	71
160	148
160	319
160	713
161	322
162	547
164	42
164	240
165	102
166	97
166	112
166	574
167	531
167	698
168	27
168	297
169	407
170	73
170	589
171	64
171	351
171	662
172	128
172	460
174	18
174	324
174	447
176	306
176	674
177	324
178	297
179	39
179	623
181	45
181	322
181	350
182	13
184	331
185	496
186	139
186	207
186	310
187	43
188	659
189	430
189	545
190	790
191	96
192	45
193	276
194	616
195	68
196	8
196	286
196	449
197	652
198	393
199	429
201	510
201	746
203	299
203	705
204	585
205	249
205	362
205	734
205	762
206	683
207	373
207	760
208	89
208	144
211	455
212	173
212	225
212	447
212	722
213	185
213	274
214	411
214	502
216	100
216	606
216	683
216	757
217	680
218	291
220	332
221	471
221	476
221	748
222	10
222	387
222	424
223	79
223	327
224	331
225	67
225	419
226	269
226	364
226	790
227	749
228	436
229	335
229	641
231	448
231	511
232	380
233	449
234	179
235	593
235	681
236	226
237	146
237	231
237	283
238	340
238	781
239	458
240	46
240	751
243	64
243	249
243	346
244	731
245	671
247	73
247	204
247	574
249	570
250	358
250	405
250	417
250	600
251	2
252	555
252	721
254	725
254	738
256	501
257	384
258	248
258	790
259	579
259	781
260	446
261	156
261	461
263	72
263	129
264	99
265	122
265	772
266	49
266	143
267	74
267	116
267	246
268	108
268	547
269	443
270	207
270	469
271	161
271	740
272	296
273	10
273	117
273	582
273	740
274	17
275	624
276	70
277	201
277	271
278	532
278	554
279	84
279	633
279	649
280	91
280	315
280	709
281	247
282	190
282	232
282	349
282	522
282	712
283	233
283	322
283	476
283	490
285	764
287	178
287	225
288	721
288	731
289	567
290	64
291	17
292	2
292	385
293	414
293	533
294	729
295	418
295	615
295	655
295	669
295	717
296	54
296	356
297	230
298	70
299	619
302	67
302	244
302	586
302	760
303	161
305	600
305	692
306	59
307	130
307	594
307	635
308	435
309	183
309	401
310	25
310	32
310	323
310	427
313	184
313	519
313	635
314	132
314	156
314	198
315	255
315	298
315	489
317	695
319	79
319	313
319	640
319	734
320	342
321	342
321	660
321	715
323	187
323	465
324	35
324	39
324	356
324	629
325	52
325	316
325	569
325	752
326	585
326	609
328	558
329	133
329	337
330	585
330	604
330	668
331	88
332	265
333	83
333	228
333	298
333	623
335	156
336	183
336	373
338	188
339	467
340	175
340	306
340	395
340	404
340	554
340	658
341	357
341	559
342	277
342	663
342	795
343	432
343	497
344	657
344	763
345	554
346	165
346	721
347	415
348	114
349	310
349	372
349	455
350	78
350	173
351	381
352	60
352	566
355	561
355	587
357	53
358	746
359	482
359	615
359	749
360	100
360	110
360	702
360	720
361	176
363	510
363	755
365	2
365	226
365	251
366	37
371	59
371	251
372	48
372	436
373	164
375	197
375	497
377	46
377	516
380	477
381	267
381	414
382	755
383	180
383	637
384	390
384	533
384	784
385	293
386	26
386	254
386	544
387	496
389	19
389	495
389	728
390	658
390	699
391	772
394	288
395	56
395	157
395	228
395	450
396	351
396	688
397	52
397	289
398	94
398	256
398	357
398	568
400	338
400	375
400	760
401	79
401	714
402	615
403	265
404	255
404	339
404	384
405	92
405	462
405	663
405	744
406	79
406	570
406	661
407	228
407	350
407	450
407	773
408	207
408	547
412	209
412	793
413	41
413	134
413	481
414	619
414	651
416	18
416	248
416	291
416	478
416	712
417	48
417	519
418	675
419	54
419	187
419	510
420	75
420	373
420	447
420	538
422	161
422	632
423	359
424	746
425	413
425	458
426	379
426	419
427	346
427	677
428	276
428	309
428	439
429	153
429	307
432	423
433	622
433	732
434	640
435	243
435	375
437	568
437	589
437	756
438	625
439	183
439	244
439	632
440	484
441	255
441	317
441	369
443	177
444	558
445	357
445	700
446	73
447	87
448	51
448	670
448	796
449	18
449	97
449	305
449	686
449	708
450	456
450	502
451	10
451	443
451	589
452	45
452	156
453	433
455	743
456	171
456	584
456	751
457	149
457	631
459	241
460	341
461	181
461	216
461	491
462	71
462	333
462	375
463	424
463	676
463	718
463	774
465	549
466	533
466	659
466	745
467	212
467	338
467	380
467	424
467	470
467	633
468	121
468	594
472	620
472	693
473	63
474	340
474	392
474	571
475	126
475	285
475	367
475	742
475	766
477	516
478	734
482	123
482	128
482	421
482	735
483	485
484	94
484	667
485	98
485	224
485	437
485	448
486	153
487	50
487	131
487	645
489	21
489	187
492	370
493	712
494	696
495	587
496	607
497	674
498	624
499	119
499	596
500	451
501	201
501	501
501	764
502	501
502	688
503	764
504	109
504	380
505	442
505	524
506	505
506	524
507	326
508	459
509	424
509	442
509	774
510	495
512	8
512	141
512	478
513	87
514	629
514	727
515	64
515	175
515	235
515	418
516	390
516	723
517	316
518	415
519	87
521	248
522	190
523	621
525	310
525	635
526	486
527	472
528	84
529	77
530	321
531	174
532	3
532	454
533	463
533	771
535	751
536	73
536	233
536	798
538	328
538	376
538	743
539	271
539	445
541	42
541	471
541	596
541	705
542	128
543	197
544	583
546	150
547	3
549	587
550	463
551	599
552	57
552	194
552	274
554	280
554	564
557	563
558	334
559	421
561	54
563	416
563	464
564	66
564	468
564	665
566	60
567	16
567	575
567	580
568	71
568	554
569	471
569	555
570	36
570	789
573	421
574	58
575	748
576	417
577	372
578	305
578	567
578	773
579	736
581	651
582	34
582	620
583	471
583	768
585	447
586	54
586	81
586	370
586	374
587	691
588	504
588	781
589	379
589	535
589	678
589	788
590	4
591	45
593	172
593	288
593	705
593	792
595	215
595	297
595	770
596	678
597	125
598	439
598	563
599	152
599	205
599	388
599	666
600	151
600	478
600	569
601	160
601	214
601	346
602	287
602	760
604	345
605	237
605	663
606	340
606	727
608	315
608	640
608	741
608	768
609	427
610	593
611	385
612	176
612	732
614	126
614	397
614	719
615	39
616	112
616	166
617	114
617	512
618	292
618	702
623	34
623	88
623	344
623	488
624	345
626	58
626	488
626	670
627	149
629	174
629	513
630	333
631	748
632	11
632	18
632	21
632	775
633	10
633	302
633	470
635	132
635	320
635	693
636	341
637	181
637	329
637	426
639	660
641	361
641	762
642	619
643	27
643	91
643	755
644	798
645	274
646	304
646	535
646	542
647	683
648	796
650	582
650	711
651	349
651	369
651	405
651	667
652	152
654	220
654	733
655	314
655	744
656	326
659	558
659	700
661	747
662	277
662	346
663	372
663	557
664	350
665	774
668	379
669	241
669	630
669	793
670	135
671	52
671	72
671	331
671	692
672	571
673	259
673	399
673	579
676	321
677	295
677	401
677	456
677	517
678	251
678	553
679	196
680	448
680	745
680	784
681	224
682	406
682	544
685	5
686	789
687	634
688	162
689	368
689	776
691	224
692	154
693	60
693	489
693	746
696	250
696	397
697	232
697	362
697	377
697	573
698	129
699	23
699	124
699	154
699	331
700	510
702	703
705	206
706	377
706	631
706	711
707	211
707	468
708	290
709	278
709	294
709	340
709	646
709	657
709	665
710	151
710	166
711	171
711	375
713	232
713	295
714	11
714	193
714	569
714	614
715	535
715	770
717	475
717	566
717	697
718	490
718	532
718	795
720	352
720	541
721	272
721	397
724	101
725	101
726	213
726	368
727	774
728	244
728	526
729	610
730	126
732	304
733	23
733	517
733	654
734	82
735	90
736	551
737	525
737	781
738	254
739	448
739	512
740	88
740	601
740	682
741	127
742	363
743	578
743	799
744	110
744	391
744	419
744	430
745	244
746	597
747	296
747	344
747	664
748	706
749	782
751	427
751	646
752	69
753	25
753	606
755	147
756	641
759	780
761	139
761	381
762	179
763	464
764	603
764	778
765	165
766	28
768	389
770	280
770	783
771	155
772	204
773	290
773	762
774	252
775	540
776	753
777	41
777	47
777	164
777	267
777	544
777	682
778	794
780	102
780	621
781	394
784	429
785	599
785	751
786	141
786	384
786	563
786	735
787	25
787	104
787	326
787	497
787	683
789	555
791	96
792	267
792	271
792	323
792	460
793	411
793	432
794	699
795	338
796	130
796	147
797	266
798	491
799	8
-----------
0	553
1	101
2	66
2	654
4	23
4	128
4	328
4	630
6	504
7	276
8	220
8	338
9	52
9	89
10	97
11	765
12	560
13	657
14	604
14	619
15	265
16	545
16	725
17	285
17	661
19	39
19	83
19	108
19	344
19	763
21	373
22	319
23	422
24	271
24	324
25	156
25	297
26	165
26	209
26	450
26	564
28	668
29	41
30	181
30	583
30	687
31	475
32	432
32	575
32	706
35	326
35	534
35	567
36	32
36	630
38	529
39	34
39	430
40	643
40	727
40	736
42	464
43	687
44	94
45	317
45	582
46	556
48	229
49	160
49	572
50	41
50	65
50	716
50	765
51	174
51	460
52	404
52	697
53	133
53	476
54	209
55	70
55	265
55	585
56	177
56	703
56	712
57	413
57	636
58	771
59	16
59	54
59	477
59	503
59	603
60	188
61	39
61	251
62	745
64	37
65	288
67	11
68	746
69	470
70	708
71	485
72	478
72	510
74	333
75	32
75	97
76	277
76	578
78	374
81	102
82	523
82	616
83	708
84	130
84	631
84	667
84	769
85	298
85	350
86	226
86	336
86	686
87	172
87	512
88	421
88	463
88	677
89	41
89	122
89	220
89	479
90	397
90	520
90	555
91	244
92	250
92	493
93	59
94	432
97	11
97	133
97	376
97	662
98	435
98	608
99	196
99	395
99	431
100	255
100	314
100	415
100	744
102	589
103	231
103	501
104	224
105	365
106	244
106	677
107	753
108	783
109	64
110	746
111	715
112	247
112	542
112	590
113	136
114	607
117	411
118	525
118	635
119	340
119	748
120	76
120	291
121	253
121	594
122	494
125	297
125	504
125	711
126	27
126	321
127	394
127	674
127	797
128	112
128	427
131	468
131	481
131	598
131	667
131	772
131	787
132	108
132	749
133	707
133	712
134	68
134	154
134	762
135	337
135	426
136	624
139	777
140	645
141	143
141	421
141	659
142	21
142	56
142	161
145	470
145	474
145	481
145	624
147	151
147	517
147	771
148	84
148	609
149	465
150	328
151	156
151	771
153	181
153	596
155	25
155	402
155	664
156	351
157	793
158	193
158	424
158	602
158	760
159	258
160	58
160	148
160	305
160	355
161	322
162	391
164	42
164	563
165	102
166	97
166	112
166	574
167	531
167	698
168	64
168	297
169	407
170	73
170	589
171	147
171	384
171	662
172	128
172	428
174	18
174	235
174	447
176	306
176	674
177	496
178	774
179	461
179	623
181	322
181	350
181	510
182	13
184	10
185	496
186	346
186	471
186	709
187	43
188	569
189	100
189	193
190	83
191	96
192	45
193	276
194	487
195	68
196	286
196	429
196	449
197	652
198	194
199	8
201	139
201	510
203	299
203	705
204	585
205	25
205	249
205	362
205	423
206	727
207	373
207	760
208	89
208	144
211	455
212	71
212	448
212	460
212	722
213	274
213	351
214	411
214	502
216	39
216	100
216	174
216	606
217	680
218	291
220	332
221	304
221	476
221	683
222	387
222	424
222	568
223	327
223	377
224	201
225	67
225	419
226	269
226	364
226	740
227	453
228	436
229	335
229	641
231	288
231	511
232	380
233	449
234	676
235	593
235	681
236	226
237	52
237	146
237	231
238	91
238	340
239	458
240	28
240	541
243	64
243	249
243	346
244	731
245	204
247	73
247	574
247	728
249	238
250	45
250	104
250	421
250	600
251	2
252	555
252	721
254	725
254	738
256	601
257	384
258	248
258	790
259	579
259	781
260	446
261	39
261	156
263	72
263	228
264	99
265	75
265	305
266	49
266	792
267	74
267	116
267	417
268	100
268	447
269	456
270	190
270	207
271	478
271	639
272	296
273	10
273	130
273	582
273	740
274	17
275	624
276	70
277	271
277	331
278	532
278	554
279	46
279	380
279	633
280	207
280	331
280	512
281	205
282	18
282	220
282	232
282	522
282	632
283	4
283	233
283	322
283	476
285	464
287	178
287	225
288	721
288	731
289	463
290	721
291	17
292	2
292	397
293	414
293	533
294	729
295	254
295	557
295	558
295	669
295	717
296	54
296	356
297	115
298	735
299	187
302	67
302	338
302	586
302	760
303	714
305	183
305	243
306	304
307	651
307	718
307	728
308	155
309	187
309	555
310	32
310	427
310	538
310	734
313	184
313	381
313	699
314	156
314	198
314	566
315	233
315	255
315	341
317	442
319	469
319	640
319	734
319	793
320	390
321	660
321	715
321	740
323	187
323	465
324	160
324	180
324	356
324	629
325	52
325	316
325	569
325	752
326	570
326	585
328	558
329	133
329	337
330	585
330	668
330	774
331	88
332	573
333	298
333	502
333	781
333	790
335	156
336	183
336	773
338	746
339	345
340	143
340	175
340	306
340	333
340	395
340	658
341	211
341	445
342	147
342	663
342	795
343	497
343	594
344	657
344	763
345	554
346	64
346	165
347	415
348	677
349	372
349	455
349	495
350	46
350	78
351	635
352	60
352	132
355	561
355	587
357	71
358	746
359	482
359	615
359	749
360	110
360	151
360	702
360	744
361	176
363	510
363	755
365	226
365	245
365	331
366	28
371	251
371	659
372	48
372	436
373	164
375	36
375	762
377	45
377	516
380	477
381	267
381	414
382	755
383	310
383	637
384	390
384	741
384	784
385	293
386	26
386	254
386	544
387	587
389	19
389	670
389	671
390	436
390	658
391	772
394	424
395	129
395	501
395	545
395	712
396	185
396	688
397	431
397	671
398	224
398	256
398	599
398	601
400	242
400	375
400	790
401	79
401	505
402	70
403	290
404	321
404	384
404	619
405	92
405	462
405	663
405	744
406	51
406	79
406	635
407	450
407	473
407	631
407	748
408	375
408	547
412	209
412	385
413	149
413	250
413	305
414	368
414	651
416	157
416	228
416	291
416	430
416	525
417	48
417	519
418	173
419	54
419	510
419	705
420	56
420	154
420	373
420	447
422	357
422	632
423	417
424	188
425	239
425	692
426	84
426	379
427	114
427	768
428	87
428	309
428	439
429	153
429	307
432	670
433	622
433	732
434	640
435	600
435	624
437	568
437	589
437	756
438	414
439	151
439	244
439	567
440	484
441	255
441	547
441	650
443	688
444	558
445	357
445	700
446	73
447	87
448	392
448	427
448	762
449	18
449	225
449	230
449	396
449	686
450	228
450	747
451	10
451	443
451	589
452	45
452	202
453	433
455	743
456	171
456	240
456	584
457	149
457	248
459	23
460	341
461	283
461	491
461	570
462	285
462	375
462	664
463	69
463	623
463	635
463	676
465	551
466	533
466	659
466	745
467	212
467	288
467	296
467	338
467	470
467	633
468	121
468	594
472	175
472	693
473	63
474	18
474	340
474	661
475	126
475	287
475	333
475	367
475	742
477	516
478	734
482	424
482	437
482	655
482	794
483	151
484	429
484	667
485	98
485	224
485	338
485	359
486	153
487	2
487	645
487	675
489	90
489	564
492	370
493	18
494	788
495	324
496	641
497	63
498	207
499	119
499	596
500	451
501	201
501	310
501	533
502	267
502	774
503	764
504	109
504	380
505	213
505	379
506	505
506	524
507	323
508	459
509	424
509	442
509	604
510	495
512	8
512	141
512	478
513	87
514	344
514	683
515	64
515	173
515	324
515	418
516	340
516	342
517	316
518	123
519	276
521	248
522	190
523	134
525	216
525	764
526	486
527	472
528	401
529	101
530	321
531	8
532	3
532	454
533	463
533	601
535	73
536	489
536	751
536	798
538	328
538	376
538	743
539	271
539	445
541	42
541	471
541	517
541	736
542	128
543	197
544	583
546	150
547	34
549	464
550	567
551	599
552	57
552	274
552	393
554	280
554	564
557	751
558	350
559	409
561	54
563	416
563	587
564	468
564	571
564	665
566	60
567	16
567	447
567	580
568	71
568	554
569	471
569	555
570	36
570	634
573	713
574	289
575	94
576	246
577	372
578	528
578	621
578	712
579	339
581	117
582	193
582	620
583	310
583	768
585	447
586	54
586	81
586	161
586	374
587	691
588	749
588	781
589	379
589	535
589	678
589	696
590	426
591	358
593	449
593	554
593	705
593	770
595	215
595	448
595	796
596	329
597	125
598	126
598	131
599	205
599	388
599	666
599	732
600	183
600	342
600	569
601	204
601	214
601	625
602	760
602	766
604	345
605	79
605	629
606	723
606	727
608	432
608	450
608	563
608	640
609	427
610	593
611	404
612	152
612	176
614	126
614	178
614	397
615	757
616	112
616	166
617	114
617	512
618	292
618	702
623	34
623	88
623	237
623	488
624	467
626	35
626	58
626	488
627	607
629	119
629	401
630	272
631	135
632	11
632	18
632	658
632	775
633	10
633	302
633	490
635	132
635	320
635	693
636	341
637	181
637	678
637	699
639	660
641	361
641	781
642	619
643	91
643	476
643	755
644	798
645	274
646	535
646	542
646	748
647	683
648	796
650	456
650	582
651	349
651	369
651	405
651	748
652	152
654	79
654	733
655	314
655	547
656	326
659	615
659	700
661	658
662	277
662	346
663	372
663	557
664	334
665	177
668	782
669	290
669	313
669	673
670	88
671	52
671	72
671	458
671	468
672	571
673	259
673	381
673	399
676	255
677	295
677	419
677	443
677	615
678	251
678	696
679	196
680	210
680	448
680	784
681	625
682	406
682	544
685	5
686	789
687	789
688	162
689	619
689	776
691	240
692	154
693	60
693	489
693	610
696	397
696	689
697	197
697	232
697	265
697	362
698	377
699	34
699	331
699	370
699	430
700	549
702	558
705	206
706	3
706	343
706	711
707	50
707	559
708	241
709	40
709	179
709	278
709	294
709	646
709	665
710	166
710	773
711	171
711	375
713	232
713	295
714	614
714	649
714	663
714	719
715	535
715	770
717	547
717	566
717	764
718	490
718	532
718	795
720	352
720	541
721	385
721	728
724	101
725	77
726	368
726	695
727	774
728	497
728	526
729	675
730	682
732	59
733	43
733	241
733	517
734	82
735	346
736	315
737	349
737	424
738	418
739	315
739	448
740	161
740	682
740	767
741	127
742	363
743	578
743	799
744	110
744	369
744	419
744	430
745	244
746	597
747	11
747	53
747	478
748	706
749	524
751	427
751	646
752	774
753	25
753	606
755	147
756	149
759	780
761	139
761	579
762	179
763	720
764	603
764	778
765	165
766	751
768	389
770	280
770	783
771	71
772	375
773	21
773	129
774	252
775	540
776	782
777	41
777	47
777	164
777	267
777	439
777	544
778	794
780	102
780	621
781	178
784	394
785	357
785	751
786	141
786	384
786	563
786	735
787	326
787	405
787	497
787	513
787	683
789	692
791	96
792	271
792	323
792	460
792	501
793	124
793	411
794	519
795	620
796	27
796	699
797	266
798	491
799	471
-----------
